   0.54823   0.836203 -0.0144338    1.75948  -0.834108   0.545437 -0.0822309   -2.62372 -0.060889 0.0571208  0.996509  -16.6686
  -0.88471  -0.466088 0.00710953    1.35109   0.465575  -0.884283 -0.0358301   -2.84749  0.0229868 -0.0283892   0.999333    67.9495
 -0.666144   0.741858 -0.0768007   -10.6063  -0.740388  -0.670183 -0.0517735   -6.35953 -0.0898792  0.0223736   0.995701    34.3952
 -0.665786   0.742882 -0.0696736   -10.1506  -0.741823  -0.669073 -0.0451696   -6.14899 -0.0801724  0.0216122   0.996547    34.3669
 -0.677121   0.732101 -0.0743964   -11.2033  -0.730632  -0.680898 -0.0505442    -7.1484 -0.0876599  0.0201319   0.995947    37.0313
 -0.672141   0.737016 -0.0709486    -11.063  -0.735967  -0.675519 -0.0450243   -7.05132 -0.0811107  0.0219532   0.996463     37.361
 -0.641964   0.762144 -0.0837777   -12.7496  -0.761071  -0.646663 -0.0509703   -8.41794 -0.0930227  0.0310396    0.99518    38.9261
 -0.635073   0.771122 -0.0453105   -9.33298  -0.771576  -0.636053 -0.0103156    -5.0861 -0.0367745  0.0284094    0.99892    36.4345
-0.563341  0.825066 -0.043742  -9.08452     -0.82585    -0.563889 -0.000242855     -4.93088 -0.024866 0.0359875  0.999043   36.2679
 -0.933106    0.35818 -0.0319349   -10.6115  -0.357439  -0.933555 -0.0266846   -4.19968 -0.0393708 -0.0134848   0.999134    37.4223
 -0.960649   0.277171 -0.0181609   -9.87149  -0.276625  -0.960576 -0.0277943    -3.6645 -0.0251487 -0.0216768   0.999449    37.1094
 -0.619709   0.781702 -0.0700154   -11.3242  -0.782414  -0.622333 -0.0230005   -7.36827 -0.0615524  0.0405275   0.997281    34.6031
 -0.601304   0.797596 -0.0476757   -8.70987  -0.798597  -0.601857 0.00336884   -4.88395 -0.0260069  0.0400993   0.998857    33.1371
-0.908306 -0.397206 -0.131177  -23.1125    0.40667  -0.911948 -0.0545017  -0.430003 -0.0979779   -0.10285    0.98986    50.9118
-0.906745 -0.399241 -0.135721  -24.0752   0.409052  -0.910963 -0.0531363   -0.17545 -0.102423 -0.103698  0.989321    52.101
