    0.999988  -0.00280325  -0.00395388 -0.000734475 0.00279625   0.999995 -0.0017757  -0.022804 0.00395883 0.00176462   0.999991   0.680994
   0.999968 -0.00151024 -0.00784855  -0.0179723   0.0014821    0.999992 -0.00358999  -0.0268887 0.00785391 0.00357824   0.999963    1.35983
   0.999935 -0.00169557   -0.011278  -0.0469234  0.00164462    0.999988 -0.00452572  -0.0478524  0.0112856 0.00450688   0.999926    2.06177
   0.999862 6.49794e-05   -0.016608  -0.0580618 -0.000156893     0.999985  -0.00553308   -0.0515006  0.0166074 0.00553493   0.999847    2.79669
   0.999773 -0.00146475  -0.0212435  -0.0714104  0.00134872    0.999984 -0.00547514  -0.0699838  0.0212511 0.00544524   0.999759    3.53696
    0.999681 -0.000263542   -0.0252514    -0.107464 9.85167e-05    0.999979 -0.00653633  -0.0852941  0.0252526 0.00653176    0.99966    4.28276
  0.999532 0.00269308 -0.0304592  -0.129807 -0.00291049    0.999971  -0.0070957   -0.101841  0.0304392 0.00718103   0.999511    5.05089
  0.999418 0.00352024 -0.0339157  -0.175088 -0.00372434    0.999975 -0.00595663   -0.105855  0.0338939 0.00607948   0.999407    5.79682
  0.999231 0.00297597 -0.0390913  -0.196839 -0.00309066    0.999991 -0.00287385   -0.130532  0.0390824 0.00299246   0.999232    6.62752
  0.999094 0.00342723 -0.0424246   -0.25001  -0.00344967     0.999994 -0.000455779     -0.13991   0.0424228 0.000601717      0.9991     7.44566
  0.998958 0.00505405 -0.0453676  -0.286909 -0.00511386    0.999986 -0.00120228   -0.152076  0.0453609 0.00143303    0.99897    8.25511
  0.998858 0.00476054 -0.0475382  -0.324854  -0.0048459    0.999987 -0.00168053   -0.163213  0.0475296 0.00190898   0.998868    9.06277
  0.998759  0.0024748 -0.0497422  -0.349643 -0.00260536    0.999993 -0.00255991   -0.168966  0.0497355 0.00268633   0.998759    9.88338
  0.998701 0.00278051 -0.0508706  -0.446351 -0.00287714    0.999994 -0.00182647   -0.184038  0.0508652 0.00197046   0.998704    10.7594
  0.998651 0.00116012 -0.0519037  -0.499699 -0.00129173    0.999996 -0.00250223   -0.188127 0.0519006 0.0025659  0.998649      11.6
  0.998576 0.00311809 -0.0532639  -0.581327 -0.00338257    0.999982 -0.00487613   -0.199925  0.0532478 0.00504935   0.998569     12.475
  0.998538 0.00443354 -0.0538679  -0.653722 -0.00486393    0.999957 -0.00786124   -0.212348  0.0538308 0.00811175   0.998517    13.3337
  0.998472 0.00780436 -0.0547023  -0.755365 -0.00835053    0.999917 -0.00976285   -0.219954 0.0546216 0.0102047  0.998455   14.2221
  0.998423  0.0080892 -0.0555438  -0.828917 -0.00857746    0.999927 -0.00855768   -0.249245  0.0554705 0.00902062    0.99842    15.1113
  0.998401  0.0074214 -0.0560352  -0.919247 -0.00785357    0.999941 -0.00749618   -0.261162  0.0559762 0.00792427   0.998401    16.0239
   0.99833 0.00899011 -0.0570655   -0.98466 -0.00936599    0.999936 -0.00632282   -0.281977   0.057005 0.00684674    0.99835    16.9088
  0.998324 0.00722929 -0.0574157    -1.0625 -0.00759751    0.999952 -0.00619758   -0.293901  0.0573682 0.00662342   0.998331    17.8001
  0.998269 0.00624802 -0.0584814   -1.14661 -0.00666252    0.999954 -0.00689552   -0.307015  0.0584356 0.00727321   0.998265    18.7126
  0.998253 0.00379203   -0.05896   -1.23682 -0.00424503    0.999962 -0.00755986   -0.325708  0.0589291 0.00779694   0.998232    19.6563
  0.998328 0.00307142  -0.057718   -1.37665 -0.00343825    0.999975 -0.00625739   -0.332558  0.0576973 0.00644538   0.998313    20.6256
   0.99836 0.00463628  -0.057061   -1.44338 -0.00479905    0.999985 -0.00271587   -0.352307  0.0570475 0.00298526   0.998367    21.5118
  0.998486 0.00505342 -0.0547799   -1.56976 -0.00501549    0.999987 0.000829945   -0.364776   0.0547834 -0.00055394    0.998498     22.4893
  0.998599 0.00372821 -0.0527877   -1.66694 -0.00351262    0.999985  0.00417619   -0.392033   0.0528024 -0.00398491    0.998597     23.4688
  0.998674 0.00396353 -0.0513298   -1.72287 -0.00373472    0.999983   0.0045529   -0.399048    0.051347 -0.00435516    0.998671     24.4177
  0.998795 0.00479821 -0.0488347    -1.8313 -0.00474375    0.999988  0.00123097   -0.410492      0.04884 -0.000997825     0.998806      25.4167
   0.99888 0.00623351  -0.046896   -1.92258 -0.00641342    0.999973 -0.00368685    -0.42191  0.0468718 0.00398349   0.998893    26.3829
  0.999001 0.00520212 -0.0443863   -2.02964 -0.00550619    0.999962 -0.00673108   -0.436095  0.0443496 0.00696876   0.998992    27.3839
  0.999056 0.00239834 -0.0433703   -2.09088 -0.00266858    0.999977 -0.00617416   -0.441283  0.0433545 0.00628407    0.99904    28.3738
  0.999034 0.00174954 -0.0439023   -2.13879 -0.00179747    0.999998 -0.00105222    -0.47452  0.0439004 0.00113011   0.999035    29.3731
    0.99903 -0.00334532  -0.0439147    -2.21976 0.00346377   0.999991  0.0026214  -0.491085   0.0439055 -0.00277097    0.999032       30.38
  0.998904 -0.0109385 -0.0455174   -2.24797 0.0110347  0.999937  0.001863 -0.504529   0.0454941 -0.00236323    0.998962     31.3633
  0.998848 -0.0139055 -0.0459318   -2.35948   0.0138012    0.999901 -0.00258652    -0.49974  0.0459632 0.00194962   0.998941    32.4084
  0.998761 -0.0128619  -0.048065   -2.38384   0.0125538    0.999899 -0.00670705   -0.524661  0.0481464 0.00609535   0.998822      33.41
  0.998725 -0.0110489 -0.0492483   -2.46923  0.0106682   0.999911 -0.0079868  -0.531966  0.0493322 0.00745123   0.998755    34.4195
  0.998709 -0.0104689 -0.0497067   -2.53944 0.0101372  0.999925  -0.00692 -0.551889  0.0497754 0.00640718    0.99874    35.4264
   0.998694 -0.00727847  -0.0505615    -2.61887  0.00707203    0.999966 -0.00426061   -0.571725  0.0505908 0.00389748   0.998712    36.4456
   0.998663 -0.00653713  -0.0512843    -2.69383  0.00639166    0.999975 -0.00300006   -0.602515  0.0513026 0.00266825    0.99868    37.4604
   0.998607 -0.00464633  -0.0525594    -2.74321   0.00462614     0.999989 -0.000505822    -0.627357  0.0525612 0.00026197   0.998618    38.4607
   0.998683 -0.00439937  -0.0511218    -2.85441 0.00451126   0.999988 0.00207365  -0.642602    0.051112 -0.00230155     0.99869     39.5094
  0.998705 0.00216844 -0.0508209   -2.95078 -0.00194446    0.999988  0.00445619   -0.669729    0.05083 -0.0043516   0.998698    40.5303
    0.9987 0.00295832 -0.0508935    -3.0127 -0.00278492     0.99999  0.00347769     -0.6825   0.0509033 -0.00333143    0.998698     41.5291
  0.998727 0.00452063 -0.0502405   -3.07658 -0.00445908    0.999989   0.0013373   -0.698971    0.050246 -0.00111157    0.998736     42.5201
 0.998821 0.0073192 -0.047988  -3.21996  -0.00736957     0.999972 -0.000872717     -0.72426  0.0479802 0.00122534   0.998848    43.5483
  0.998791 0.00790781 -0.0485085   -3.28077 -0.00797843    0.999967 -0.00126247    -0.74666   0.048497 0.00164796   0.998822    44.5267
  0.998788 0.00700492 -0.0487103   -3.36158  -0.00702041     0.999975 -0.000146919     -0.77201    0.048708 0.000488707    0.998813     45.5265
  0.998746 0.00810259 -0.0494091   -3.41416 -0.00808376    0.999967 0.000580864   -0.790087    0.0494122 -0.000180724     0.998778      46.5111
  0.998736  0.0119926 -0.0488049   -3.49811  -0.0121563    0.999921 -0.00305885   -0.822629  0.0487644 0.00364827   0.998804    47.4815
 0.998711 0.0136743 -0.048888  -3.59525  -0.0140676    0.999871 -0.00771012   -0.841143  0.0487763 0.00838791   0.998775    48.4851
  0.998673  0.0145357 -0.0494076   -3.64734  -0.0150127    0.999844 -0.00929548   -0.855937 0.0492648 0.0100249  0.998735    49.443
   0.99868  0.0138409 -0.0494738   -3.69744  -0.0141525    0.999882 -0.00595471   -0.881602  0.0493856 0.00664703   0.998758    50.4016
  0.998668  0.0131374 -0.0499001   -3.73962  -0.0133161    0.999906 -0.00325075   -0.905589  0.0498527 0.00391089   0.998749    51.3652
  0.998655  0.0129193 -0.0502128   -3.79402  -0.0130571    0.999912 -0.00241586    -0.94597  0.0501772 0.00306824   0.998736    52.3468
  0.998684  0.0103582 -0.0502243   -3.84492 -0.0105605   0.999937 -0.0037659  -0.977607  0.0501821 0.00429134   0.998731    53.3073
  0.998685 0.00839711 -0.0505834   -3.90884 -0.00867228    0.999949 -0.00522294    -1.00894  0.0505369 0.00565474   0.998706    54.2713
  0.998669 0.00735957 -0.0510452   -3.98595 -0.00756683    0.999964 -0.00386834    -1.04187  0.0510149 0.00424944   0.998689     55.249
  0.998634 0.00480392  -0.052025   -4.04364 -0.00480159    0.999988 0.000169864    -1.06821   0.0520253 8.01706e-05    0.998646     56.2011
  0.998614 0.00415469 -0.0524626   -4.10235 -0.00389728     0.99998  0.00500783    -1.08234   0.0524824 -0.00479642     0.99861     57.1457
  0.998583 0.00700966 -0.0527515   -4.16901 -0.00661058    0.999948  0.00773592    -1.12042    0.052803 -0.00737625    0.998578     58.1056
   0.99852 0.00896288 -0.0536404   -4.24988 -0.00879845    0.999956  0.00330071    -1.13109   0.0536676 -0.00282387    0.998555     59.0252
 0.998442 0.0104285 -0.054811  -4.32169  -0.0106753    0.999934 -0.00421114    -1.15748 0.0547634 0.0047897  0.998488   59.9685
  0.998388   0.013013 -0.0552478   -4.39964  -0.0135381    0.999867 -0.00914002     -1.1897  0.0551215 0.00987323   0.998431     60.908
  0.998273  0.0182628 -0.0558301    -4.4755  -0.0187374    0.999793 -0.00798923    -1.22531  0.0556726 0.00902155   0.998408    61.8245
  0.998164  0.0217101 -0.0565359   -4.54541  -0.0220508    0.999742 -0.00540943    -1.26772  0.0564038 0.00664617   0.998386    62.7311
 0.998174 0.0230958 -0.055813   -4.6878 -0.0233972   0.999715 -0.0047535   -1.25747  0.0556873 0.00605069    0.99843    63.6792
  0.998065   0.024094 -0.0573172   -4.73257  -0.0244267    0.999689 -0.00511038    -1.27822  0.0571762 0.00650056   0.998343    64.5517
  0.997949  0.0256826 -0.0586416   -4.80681  -0.0260083     0.99965 -0.00479865    -1.28053  0.0584978 0.00631398   0.998268    65.4363
  0.997893   0.026369 -0.0592757   -4.89413  -0.0266759    0.999634 -0.00439196    -1.29951  0.0591382 0.00596394   0.998232    66.3041
   0.99783  0.0264679 -0.0602885   -4.96948  -0.0267741    0.999632 -0.00427603    -1.30849  0.0601532 0.00588092   0.998172    67.1281
  0.997692  0.0266857 -0.0624375   -4.99767  -0.0269458    0.999631 -0.00332829    -1.33096  0.0623257 0.00500304   0.998043    67.9739
  0.997584  0.0294985 -0.0629046   -5.08261    -0.029594     0.999562 -0.000586469     -1.34834  0.0628597 0.00244665   0.998019    68.7859
  0.997417  0.0306521 -0.0649621   -5.11099 -0.0304511   0.999528  0.0040834   -1.37857   0.0650566 -0.00209469    0.997879     69.5977
  0.997241  0.0336337 -0.0661787   -5.19614 -0.0333504   0.999429 0.00538128   -1.38351   0.0663219 -0.00315935    0.997793     70.4107
  0.997032  0.0368226 -0.0676144   -5.26072 -0.0368337   0.999321 0.00108379   -1.39558  0.0676084 0.00140992   0.997711    71.1577
 0.996913 0.0368067 -0.069353   -5.3154   -0.037314    0.999285 -0.00603304    -1.41689  0.0690814 0.00860225   0.997574    71.8955
  0.996797  0.0360226 -0.0713946   -5.35944 -0.0369572   0.999247 -0.0118123   -1.43609 0.0709153  0.014413  0.997378   72.6203
  0.996709  0.0370479 -0.0721063   -5.40877 -0.0380826    0.99919 -0.0130281   -1.45337 0.0715652 0.0157312  0.997312   73.3224
   0.99651  0.0396171 -0.0734729    -5.4513  -0.0404482    0.999133 -0.00985726    -1.46507 0.0730187 0.0127947  0.997249   74.0149
  0.996428  0.0397797 -0.0744887   -5.51611  -0.0404337    0.999156 -0.00729275    -1.49914 0.0741357 0.0102786  0.997195   74.6832
   0.99643  0.0367818 -0.0759883   -5.55302 -0.0377029   0.999231 -0.0107225   -1.51444 0.0755355 0.0135492  0.997051   75.3213
  0.996681  0.0289647 -0.0760762   -5.59633 -0.0302493   0.999418 -0.0157867   -1.54288 0.0755746 0.0180355  0.996977    75.946
  0.996865  0.0249284 -0.0750905   -5.64269 -0.0265524   0.999433  -0.020707   -1.55987 0.0745317 0.0226359  0.996962   76.5494
 0.997032 0.0274252 -0.071931  -5.69425 -0.0290088   0.999357 -0.0210634   -1.58216 0.0713071 0.0230875  0.997187   77.1349
  0.997165  0.0322583 -0.0679792   -5.73539 -0.0335732   0.999269 -0.0182907   -1.60009 0.0673395 0.0205212  0.997519    77.721
   0.99754  0.0307216 -0.0630015   -5.78444 -0.0317369   0.999381 -0.0151797   -1.62475 0.0624962 0.0171418  0.997898   78.2761
  0.997971   0.026622 -0.0578337   -5.79019 -0.0272952   0.999568 -0.0108823   -1.64777  0.057519 0.0124388  0.998267   78.8117
  0.998534  0.0224562 -0.0492445   -5.82623  -0.0228682    0.999708 -0.00781896    -1.66181  0.0490545 0.00893364   0.998756    79.3638
  0.998931  0.0260862 -0.0381559   -5.85846  -0.0264305    0.999614 -0.00854716    -1.67193  0.0379182 0.00954651   0.999235    79.8748
  0.999224  0.0315333 -0.0235901   -5.85645  -0.0317604    0.999452 -0.00931523     -1.6851 0.0232835 0.0100572  0.999678   80.3777
   0.999304   0.0369388 -0.00511116    -5.87262  -0.0369864     0.99927 -0.00956258    -1.68994  0.0047542 0.00974498   0.999941    80.8666
 0.999233 0.0354946 0.0165621  -5.83574  -0.0353331    0.999326 -0.00994144    -1.69514 -0.0169038 0.00934862   0.999813    81.3425
 0.998564 0.0322303 0.0428034  -5.79873  -0.0318471    0.999447 -0.00960459    -1.71081 -0.0430892 0.00822762   0.999037    81.8104
 0.996875 0.0309653 0.0726705  -5.75288   -0.030438    0.999502 -0.00835204    -1.73435 -0.0728929   0.006114   0.997321    82.2611
 0.993907 0.0307771  0.105836  -5.68129  -0.0301479    0.999517 -0.00754078    -1.74744  -0.106017 0.00430411   0.994355    82.6878
 0.989212 0.0305744  0.143266  -5.59917   -0.029736    0.999526 -0.00799028    -1.76127  -0.143442 0.00364392   0.989652    83.1499
 0.982307 0.0308668  0.184718  -5.48804  -0.0297124    0.999518 -0.00901493    -1.77426  -0.184908 0.00336699    0.98275    83.5869
 0.972887 0.0296904  0.229366  -5.35241  -0.0283081    0.999556 -0.00931535    -1.80297  -0.229541 0.00256988   0.973296    84.0142
 0.959856 0.0324584  0.278609   -5.2213 -0.0301261   0.999466 -0.0126498   -1.81661  -0.278871 0.00374856   0.960321    84.4091
 0.942734 0.0346413  0.331741  -5.07132 -0.0306781   0.999382 -0.0171778   -1.82276  -0.332131 0.00601696   0.943214    84.7758
 0.921526 0.0352485  0.386712  -4.88993 -0.0296155   0.999351  -0.020517    -1.8378  -0.387185 0.00745429   0.921972    85.1302
 0.896225 0.0357178  0.442158  -4.68885 -0.0287128   0.999334 -0.0225277   -1.86273  -0.442669 0.00749424   0.896654    85.4408
 0.865356 0.0368059  0.499805   -4.4692 -0.0271504   0.999278 -0.0265795   -1.86615  -0.500422 0.00943086    0.86573    85.7693
 0.830461 0.0356152  0.555938  -4.23232 -0.0228744   0.999293 -0.0298482   -1.88251 -0.556608  0.012071  0.830688   86.0592
 0.792185 0.0357112  0.609235  -3.96887  -0.019943   0.999268 -0.0326417   -1.89565 -0.609954 0.0137083  0.792318   86.3391
 0.752412 0.0342481  0.657802  -3.68504 -0.0171229   0.999327 -0.0324438   -1.91347 -0.658471 0.0131476  0.752492   86.5672
 0.709055 0.0343788  0.704315  -3.39966  -0.017379   0.999359 -0.0312844   -1.92624  -0.704939 0.00994206   0.709198    86.7888
 0.663381 0.0336105  0.747527  -3.09369 -0.0146244   0.999382 -0.0319563   -1.93983 -0.748139 0.0102671  0.663462   86.9947
 0.616172 0.0328537  0.786926  -2.77766 -0.0096157   0.999369 -0.0341939   -1.95299 -0.787553 0.0135025    0.6161   87.1879
 0.568751 0.0305606  0.821942  -2.45557 -0.00271489    0.999374  -0.0352791    -1.97395 -0.822505 0.0178335  0.568478   87.3547
 0.521595 0.0326178   0.85257   -2.1391 -0.0028213   0.999329 -0.0365066   -1.99277 -0.853189 0.0166363  0.521337   87.5016
 0.473602 0.0357052  0.880015  -1.81668 -0.00494278     0.99927  -0.0378837    -2.01034 -0.880725 0.0135921  0.473432   87.6485
 0.427857 0.0379367   0.90305   -1.4718 -0.00386675    0.999186  -0.0401434     -2.0295 -0.903838 0.0136837  0.427655   87.7713
 0.385149 0.0356215  0.922167  -1.12837 0.00489175   0.999162 -0.0406387   -2.04651 -0.922841  0.020163  0.384652   87.8754
 0.346125 0.0287056  0.937749 -0.774893  0.0206227   0.999058 -0.0381942   -2.06124 -0.937962 0.0325589  0.345207   87.9485
 0.310761 0.0247721  0.950165 -0.406179  0.0258209   0.999071 -0.0344921   -2.08087 -0.950137 0.0352529  0.309832   88.0401
  0.277632  0.0291282   0.960246 -0.0647842   0.024011   0.999018 -0.0372465   -2.09641 -0.960387 0.0333973   0.27666   88.1167
 0.246011 0.0365781  0.968576  0.294624  0.0140517   0.999048 -0.0412979   -2.12457 -0.969165 0.0237699  0.245263   88.2104
 0.217725 0.0407375   0.97516  0.651413   0.010616   0.998971 -0.0441025   -2.15472 -0.975952 0.0199545  0.217068   88.2757
 0.191975 0.0423572  0.980485    1.0825  0.0125309   0.998881 -0.0456054   -2.18681  -0.98132 0.0210415  0.191229   88.3496
 0.168862 0.0437608  0.984668   1.47759  0.0211638   0.998623 -0.0480104   -2.20942 -0.985412 0.0289465  0.167704   88.3934
  0.14888 0.0501307  0.987584   1.88695  0.0286288   0.998077 -0.0549792   -2.22465 -0.988441 0.0364587  0.147159    88.437
 0.129584 0.0565992  0.989952   2.28654 0.0312081  0.997642 -0.061124   -2.2499 -0.991077 0.0388153  0.127512   88.4691
 0.111228 0.0572925  0.992142     2.752  0.0293326   0.997713 -0.0609027    -2.2851 -0.993362 0.0358762  0.109293   88.5423
0.0954339 0.0531236  0.994017   3.19407  0.0272243   0.998062 -0.0559535   -2.32061 -0.995063 0.0324013 0.0938027    88.581
0.0809198 0.0499697  0.995467   3.68126  0.0287922   0.998209 -0.0524477   -2.35201 -0.996305 0.0329057 0.0793361   88.6184
0.0677864 0.0476275  0.996562   4.16671  0.0317836    0.99825 -0.0498701   -2.38138 -0.997193 0.0350549  0.066154   88.6459
0.0557437 0.0468873  0.997344   4.68115  0.0341003   0.998225 -0.0488347   -2.42013 -0.997863 0.0367319 0.0540459   88.6773
 0.045285 0.0480953  0.997816   5.22024  0.0379167   0.998038 -0.0498268   -2.44003 -0.998254 0.0400903 0.0433725   88.7124
0.0374356  0.048668  0.998113   5.74941  0.0401592   0.997933 -0.0501654   -2.47166 -0.998492 0.0419614 0.0354038   88.7332
0.0315625 0.0494739  0.998277   6.30973  0.0429522   0.997784 -0.0508075   -2.49323 -0.998578 0.0444817 0.0293675   88.7663
0.0258943 0.0505999  0.998383   6.86966  0.0446041   0.997665 -0.0517204   -2.52335 -0.998669 0.0458713 0.0235769   88.7848
0.0200683 0.0514639  0.998473   7.46381  0.0452011   0.997606 -0.0523277   -2.55055 -0.998776 0.0461822 0.0176941   88.7961
0.0158254 0.0518443   0.99853   8.07083  0.0484441   0.997442 -0.0525556   -2.57345 -0.998701 0.0492046 0.0132733   88.8091
0.0125933 0.0519876  0.998568   8.67149  0.0494866   0.997391 -0.0525504   -2.61588  -0.998695  0.0500775 0.00998771    88.8174
0.00946398  0.0517812   0.998614    9.28923 0.0499582  0.997387 -0.052191  -2.65082  -0.998706  0.0503829 0.00685235    88.8232
0.00670844  0.0517354   0.998638    9.92435  0.0508805    0.99735 -0.0520104   -2.68108  -0.998682  0.0511602 0.00405834    88.8341
0.00519469  0.0519956   0.998634    10.5738 0.0559187   0.99707 -0.052205  -2.70714  -0.998422  0.0561135 0.00227195    88.8624
0.00601681  0.0515916    0.99865     11.267  0.0587014   0.996928 -0.0518563   -2.75827  -0.998257  0.0589342 0.00296982    88.8717
0.00830621  0.0518011   0.998623    11.9357  0.0597704   0.996846 -0.0522061   -2.79465  -0.998178  0.0601217 0.00518384    88.8778
0.0119811  0.051507  0.998601     12.64  0.0634953   0.996618 -0.0521666   -2.84024   -0.99791  0.0640314 0.00867008    88.8986
0.0158192 0.0513634  0.998555   13.3936  0.0630116   0.996643 -0.0522634   -2.88298 -0.997887 0.0637473 0.0125296   88.9262
0.0196075 0.0494628  0.998583   14.1733  0.0641852   0.996653 -0.0506275   -2.94098 -0.997745 0.0650869 0.0163671   88.9552
0.0253872 0.0483729  0.998507   14.9537  0.0652033   0.996622 -0.0499394   -2.96523 -0.997549 0.0663738 0.0221473   88.9354
0.0292456 0.0464747  0.998491   15.7252  0.0610381   0.996971 -0.0481918   -3.01314 -0.997707 0.0623554 0.0263203   88.9658
0.0329464 0.0459737  0.998399   16.5155  0.0591859   0.997099 -0.0478669   -3.05366 -0.997703 0.0606682 0.0301299    89.005
0.0367423 0.0470544  0.998216   17.3619  0.0556675   0.997243 -0.0490575   -3.11063 -0.997773 0.0573707 0.0340217   89.0587
0.0396209 0.0509491  0.997915   18.1482  0.0513541   0.997276 -0.0529554   -3.17431 -0.997894 0.0533452 0.0368966   89.0913
0.0408585 0.0562528   0.99758   18.9555  0.0453739   0.997279 -0.0580942   -3.22473 -0.998134 0.0476377 0.0381949   89.1347
0.0412672 0.0596309  0.997367   19.7593  0.0424672   0.997211 -0.0613787   -3.27335 -0.998245 0.0448883 0.0386197   89.1582
0.0406326 0.0592599  0.997415   20.6119  0.0391662   0.997378 -0.0608532   -3.34011 -0.998406 0.0415376 0.0382051   89.2242
0.0404796 0.0573674  0.997532   21.4305  0.0362917   0.997607 -0.0588444    -3.4034 -0.998521 0.0385842 0.0383008   89.2692
0.0400379  0.056062  0.997624   22.2681  0.0361863   0.997688 -0.0575179    -3.4751 -0.998543 0.0384032 0.0379167   89.3195
 0.039923 0.0553457  0.997669   23.1179  0.0334553   0.997831 -0.0566935   -3.54279 -0.998643 0.0356407 0.0379848   89.3781
0.0400637 0.0554228  0.997659   23.9086  0.0306529   0.997922 -0.0566684   -3.60965 -0.998727 0.0328514 0.0382816   89.4127
0.0399014 0.0557253  0.997649    24.718  0.0268063   0.998025 -0.0568185   -3.67842 -0.998844 0.0290104 0.0383288   89.4574
0.0386276 0.0568772  0.997634   25.5204 0.0232351  0.998058 -0.057801  -3.74188 -0.998984 0.0254128  0.037231   89.4944
0.0351225 0.0567638   0.99777   26.3307  0.0192458   0.998162 -0.0574636   -3.79974 -0.999198 0.0212212 0.0339655   89.5474
0.0319888 0.0554758  0.997947   27.1306  0.0173324   0.998278 -0.0560498    -3.8553 -0.999338 0.0190898 0.0309722   89.5646
0.0264271 0.0528507  0.998253   27.9402  0.0153283   0.998463 -0.0532676   -3.91682 -0.999533 0.0167092 0.0255763   89.6093
0.0199795 0.0511407  0.998492   28.7476  0.0138048   0.998582 -0.0514215    -3.9657 -0.999705 0.0148114 0.0192452   89.6361
0.0126403  0.050839  0.998627   29.5368  0.0124322   0.998621 -0.0509961   -4.03452 -0.999843 0.0130597 0.0119908   89.6519
0.00416697  0.0515251   0.998663    30.3257  0.0129445   0.998585 -0.0515751   -4.09408  -0.999908  0.0131421 0.00349411    89.6541
-0.00538344   0.0523335    0.998615     31.0807  0.0135493   0.998542 -0.0522566    -4.1345   -0.999894   0.0132492 -0.00608467     89.6441
-0.0152996  0.0516115    0.99855    31.8711  0.0158836   0.998553 -0.0513683   -4.18278  -0.999757  0.0150746 -0.0160972    89.6351
-0.025896 0.0505602  0.998385   32.6601   0.014927   0.998628 -0.0501853   -4.23897  -0.999553  0.0136033 -0.0266152    89.6146
-0.0364999  0.0499699   0.998084    33.4183   0.017205   0.998632 -0.0493682    -4.2876  -0.999186  0.0153701 -0.0373097    89.5755
-0.047386 0.0504897    0.9976   34.2006   0.01714  0.998616 -0.049727  -4.33451   -0.99873  0.0147425 -0.0481858    89.5367
-0.0581613  0.0512768   0.996989    34.9659 0.0186283  0.998562 -0.050271  -4.38527  -0.998133  0.0156484 -0.0590328    89.4919
-0.068634 0.0519237   0.99629   35.7247  0.0182575   0.998543 -0.0507834   -4.44972  -0.997475  0.0147043 -0.0694819    89.4369
-0.0790446  0.0531355   0.995454    36.4924  0.0202747   0.998458 -0.0516859   -4.50159 -0.996665 0.0160971     -0.08   89.3892
-0.088783 0.0531638  0.994631   37.2481  0.0211381    0.99845 -0.0514811   -4.57118  -0.995827  0.0164539 -0.0897692    89.3303
-0.0983895   0.053807   0.993692    38.0097  0.0220129   0.998411 -0.0518829   -4.62261  -0.994904  0.0167693 -0.0994176    89.2577
 -0.10749 0.0543196  0.992721    38.753  0.0241531   0.998354 -0.0520126   -4.67233 -0.993913 0.0183865 -0.108625   89.1796
-0.115508 0.0541851  0.991828   39.4634  0.0261799    0.99833 -0.0514915   -4.71691 -0.992962 0.0200183 -0.116734   89.0836
-0.123201 0.0533706  0.990946   40.1866  0.0282395   0.998337 -0.0502577    -4.7614  -0.99198  0.021792 -0.124503    89.002
 -0.12816 0.0524364  0.990366   40.8969  0.0311784   0.998321 -0.0488228   -4.79894 -0.991263 0.0246209  -0.12958   88.9079
-0.131684 0.0511984  0.989969   41.6278 0.0340836  0.998309 -0.047096  -4.84202 -0.990706 0.0275399 -0.133207   88.8046
-0.134672 0.0507375   0.98959   42.2728  0.0353061     0.9983 -0.0463792   -4.87468 -0.990261 0.0286926 -0.136234   88.7251
-0.136161 0.0500223  0.989423   42.9137   0.035504   0.998329 -0.0455866   -4.91532  -0.99005 0.0289214  -0.13771   88.6295
-0.136994 0.0509898  0.989259   43.5692  0.0364612   0.998257 -0.0464044   -4.95097 -0.989901 0.0297125 -0.138614   88.5459
-0.136329 0.0520368  0.989296   44.2419  0.0386245   0.998139 -0.0471793   -4.99774  -0.98991 0.0317792 -0.138085   88.4657
-0.133145 0.0540081  0.989624   44.8273  0.0386399   0.998038 -0.0492686   -5.03294 -0.990343 0.0316791 -0.134971   88.3804
-0.129201 0.0544278  0.990124   45.4402   0.037853   0.998035 -0.0499233   -5.07639 -0.990896  0.031029 -0.131008   88.3276
-0.121046 0.0552646  0.991107   46.0348  0.0381464    0.99797 -0.0509884    -5.1205 -0.991914 0.0316352 -0.122908   88.2628
-0.109511 0.0556606  0.992426   46.6039  0.0370381   0.997966 -0.0518842   -5.15411 -0.993295 0.0310756  -0.11135   88.1981
-0.0958606  0.0559747    0.99382    47.1645  0.0365099   0.997944 -0.0526853   -5.19932  -0.994725  0.0312338 -0.0977071    88.1624
-0.0797467  0.0570274   0.995183    47.7328  0.0349878   0.997907 -0.0543799    -5.2526  -0.996201  0.0304826 -0.0815751    88.1536
-0.0586071  0.0598402   0.996486    48.2546  0.0328462   0.997777 -0.0579859   -5.29139  -0.997741  0.0293324 -0.0604423    88.1409
-0.0330396  0.0633371   0.997445     48.769  0.0299691   0.997604 -0.0623544   -5.32133  -0.999005  0.0278324 -0.0348586    88.1181
-0.00410382   0.0645384    0.997907     49.2734  0.0275755   0.997543 -0.0644015   -5.37304   -0.999611   0.0272534 -0.00587341     88.1238
0.0280218  0.063575  0.997584   49.8252  0.0246738   0.997627 -0.0642709   -5.42768 -0.999303 0.0264152 0.0263866   88.1807
0.0676891 0.0610494  0.995837    50.303  0.0220301   0.997791 -0.0626666    -5.4662 -0.997463 0.0261802 0.0661947   88.2079
 0.111122 0.0582917  0.992096   50.7982  0.0185936   0.997982 -0.0607201   -5.48953 -0.993633 0.0251939  0.109813   88.2685
 0.157224 0.0536452  0.986105   51.3024  0.0143177   0.998295 -0.0565911   -5.53656 -0.987459 0.0230162  0.156188   88.3604
 0.206451 0.0509973  0.977127   51.8088  0.0076296   0.998527 -0.0537262   -5.57063 -0.978427 0.0185469  0.205758   88.4849
  0.26028 0.0498088  0.964248   52.2984 0.00256478   0.998629 -0.0522772   -5.60083  -0.96553 0.0160798  0.259795   88.6097
0.316306  0.04942 0.947369  52.7609 -0.000716356     0.998654   -0.0518561     -5.63646 -0.948657 0.0157237  0.315916   88.7749
  0.37617 0.0497163  0.925216   53.2119 -0.000275253     0.998565   -0.0535458     -5.67582 -0.926551 0.0198877  0.375644    88.966
 0.437306 0.0533684  0.897728   53.6187 -0.00147171    0.998279  -0.0586291    -5.70704 -0.899311 0.0243177  0.436632   89.1803
 0.498944 0.0570882  0.864752   54.0222 -0.00238075    0.997915  -0.0645056    -5.73288 -0.866631 0.0301259   0.49804   89.4211
 0.557637 0.0606285  0.827868   54.3906 -0.00809021    0.997679  -0.0676151    -5.77058 -0.830046  0.031007  0.556833   89.7148
  0.61345 0.0627016   0.78724   54.6965 -0.0135743   0.997533 -0.0688732   -5.80472 -0.789617  0.031564  0.612788   90.0166
 0.667091 0.0623934  0.742359   55.0104   -0.01575   0.997445 -0.0696796   -5.83279  -0.74481 0.0347904  0.666369   90.3415
 0.716316 0.0607296  0.695128   55.2769 -0.0182741   0.997496 -0.0683148    -5.8585 -0.697537 0.0362322  0.715632   90.6715
 0.762111 0.0558758  0.645031   55.5311 -0.0208265   0.997869 -0.0618336   -5.89388 -0.647111 0.0336903  0.761651   91.0343
 0.804043 0.0499102  0.592473   55.7602 -0.0225886   0.998315 -0.0534437   -5.92456 -0.594142 0.0295879  0.803815   91.4116
0.841012 0.047123  0.53896  55.9613 -0.0264103   0.998588 -0.0460983   -5.94794 -0.540371 0.0245351  0.841069   91.8077
 0.872853 0.0428772  0.486095   56.1437 -0.0282899   0.998903 -0.0373121   -5.97767 -0.487162 0.0188164  0.873109    92.202
0.899096 0.042983 0.435636  56.3112  -0.032792   0.998985 -0.0308887   -5.99577 -0.436521 0.0134865  0.899593   92.6257
 0.919778 0.0444511  0.389914   56.4552 -0.0371122   0.998964 -0.0263392    -6.0183  -0.390681 0.00975566   0.920474    93.0466
 0.935342 0.0501758  0.350169   56.5776   -0.04495   0.998723 -0.0230405   -6.03166  -0.350878 0.00581065   0.936403    93.4759
 0.947601 0.0543808  0.314792   56.6981 -0.0495647   0.998499 -0.0232904   -6.04221  -0.315587 0.00646742   0.948875    93.9267
 0.957285 0.0557498  0.283719   56.8163 -0.0513679   0.998418 -0.0228671   -6.04749  -0.284545 0.00731629   0.958635      94.39
  0.96388 0.0499507  0.261611   56.9326 -0.0457179   0.998707  -0.022245   -6.06514  -0.262384 0.00948115   0.964917    94.8593
 0.967959 0.0478667  0.246503   57.0349 -0.0439403   0.998805 -0.0214077   -6.08182  -0.247233 0.00989035   0.968906    95.3439
  0.97098 0.0513884  0.233574   57.1361 -0.0477828   0.998635 -0.0210731   -6.10172  -0.234339 0.00930069   0.972111    95.8252
 0.972985 0.0568278  0.223767   57.2354 -0.0535499   0.998351 -0.0206948   -6.10944  -0.224574 0.00815303   0.974423    96.3331
 0.973945 0.0637999  0.217625   57.3313 -0.0604753   0.997929   -0.02191   -6.12071  -0.218572 0.00817822   0.975787     96.839
 0.974319 0.0690596  0.214319   57.4346 -0.0651209   0.997554 -0.0253926   -6.14058 -0.215548 0.0107838  0.976434   97.3629
 0.974357 0.0702964  0.213747   57.5356 -0.0658243   0.997439 -0.0279772   -6.16009 -0.215166 0.0131901  0.976488   97.9041
  0.97384 0.0692025   0.21644    57.645 -0.0638065   0.997455 -0.0318287    -6.1842 -0.218091 0.0171859  0.975777   98.4612
 0.972987 0.0680989  0.220585   57.7596 -0.0610851   0.997391 -0.0384713   -6.20662  -0.22263 0.0239576  0.974609   99.0185
 0.972124 0.0683787  0.224275   57.8883 -0.0601982   0.997255 -0.0431206   -6.23184 -0.226608 0.0284176  0.973571   99.5619
0.970771 0.073865 0.228357  58.0133 -0.0658032   0.996917 -0.0427287   -6.26304 -0.230809 0.0264532  0.972639   100.092
 0.969096 0.0765578  0.234502   58.1319 -0.0694068   0.996841 -0.0386096    -6.2983 -0.236717 0.0211404  0.971349   100.714
 0.968017 0.0746193   0.23953   58.2735 -0.0683647    0.99707 -0.0343275   -6.32999 -0.241389 0.0168543  0.970282   101.314
 0.967463 0.0698088   0.24319   58.4281 -0.0647298   0.997486 -0.0288236   -6.35981 -0.244591 0.0121441   0.96955   101.897
 0.966583 0.0674534  0.247319   58.5721 -0.0633412    0.99769 -0.0245555   -6.38643  -0.248404 0.00806946   0.968623    102.517
 0.966139 0.0627938  0.250266   58.7308 -0.0586604   0.997991 -0.0239487   -6.41249  -0.251266 0.00845713   0.967881    103.124
 0.96633 0.058963 0.250461  58.8894 -0.0539089   0.998181 -0.0269983   -6.44121 -0.251597 0.0125872   0.96775   103.745
 0.966461 0.0589294  0.249963   59.0532 -0.0520758   0.998066 -0.0339498   -6.47711  -0.25148 0.0197941   0.96766   104.415
 0.966661 0.0610554  0.248674   59.2152 -0.0526255   0.997796 -0.0404135    -6.5047 -0.250594 0.0259795  0.967744   105.067
 0.967116 0.0643539   0.24606   59.3834 -0.0551139   0.997498 -0.0442634   -6.53392 -0.248293 0.0292465  0.968243    105.77
 0.967754 0.0626474  0.243981   59.5424 -0.0545268   0.997715 -0.0399032   -6.56908 -0.245923  0.025313  0.968959   106.465
 0.968275 0.0591085  0.242797   59.7215 -0.0527619   0.998076 -0.0325653   -6.60295 -0.244255 0.0187217   0.96953   107.191
  0.96881 0.0591021  0.240655   59.8933 -0.0542775   0.998171  -0.026633   -6.63676 -0.241789 0.0127402  0.970245   107.925
 0.969282 0.0622469  0.237946   60.0901  -0.057452   0.997982 -0.0270402    -6.6839 -0.239149 0.0125391  0.970902   108.669
 0.969448 0.0674878  0.235829   60.2415 -0.0616859   0.997586 -0.0319027   -6.70579 -0.237413 0.0163807  0.971271   109.411
 0.970428 0.0686045  0.231435   60.4197 -0.0616922    0.99741  -0.036982   -6.74097 -0.233373 0.0216106  0.972147   110.156
 0.971453 0.0673936  0.227458   60.5877 -0.0599031   0.997415 -0.0396836   -6.77719 -0.229544 0.0249254  0.972979   110.919
 0.972607 0.0649138  0.223209   60.7732 -0.0577649   0.997591 -0.0384165   -6.80402 -0.225165 0.0244705  0.974013   111.689
 0.973594 0.0615749  0.219827   60.9481 -0.0548284   0.997822 -0.0366662   -6.83486 -0.221606 0.0236452  0.974849   112.464
 0.973984 0.0601618  0.218487   61.1024 -0.0539349   0.997953 -0.0343587   -6.86064 -0.220106 0.0216808  0.975235   113.268
 0.974328 0.0568241  0.217842   61.2666 -0.0509789   0.998175  -0.032364   -6.88869 -0.219284 0.0204278  0.975447   114.079
0.974804 0.051543 0.217026  61.4505 -0.0457071   0.998448  -0.031828   -6.91038 -0.218329 0.0211065  0.975647   114.879
 0.974847 0.0518929  0.216751   61.6118 -0.0463876    0.99846 -0.0304141   -6.94037 -0.217996 0.0195945  0.975753   115.691
 0.974577 0.0580347  0.216406   61.7969 -0.0521338   0.998099 -0.0328824   -6.96712 -0.217903 0.0207644   0.97575   116.494
 0.974237 0.0634817  0.216408   61.9701 -0.0568985   0.997712 -0.0365228   -6.99838 -0.218232 0.0232685   0.97562   117.311
 0.973472 0.0721885  0.217122   62.1313 -0.0654711   0.997131 -0.0379839   -7.04017 -0.219241 0.0227611  0.975405   118.133
  0.97247 0.0773515  0.219813    62.312 -0.0706937   0.996774 -0.0380068   -7.06819 -0.222044  0.021421  0.974801   118.978
 0.971803 0.0788599  0.222218   62.4946 -0.0725397   0.996698 -0.0364745   -7.10019 -0.224361 0.0193264  0.974315   119.784
 0.971183 0.0794545  0.224702   62.6799 -0.0728609   0.996637 -0.0374988   -7.14358 -0.226926 0.0200462  0.973706    120.63
 0.971027 0.0778652  0.225927   62.8779 -0.0705697   0.996696 -0.0402027   -7.18639 -0.228311 0.0230943  0.973314   121.425
 0.971844 0.0702511  0.224907   63.1201 -0.0631152   0.997253  -0.038771   -7.22864 -0.227013 0.0234843  0.973608   122.163
 0.972214 0.0638173  0.225225   63.3093 -0.0561517   0.997609 -0.0402851   -7.27581 -0.227258  0.026519  0.973474       123
 0.971942 0.0630182  0.226622   63.4957 -0.0552625   0.997654 -0.0404127   -7.32079 -0.228637 0.0267551  0.973144   123.853
 0.97155 0.064931 0.227762  63.6892   -0.05787   0.997618 -0.0375512   -7.36432 -0.229657 0.0233023  0.972993   124.664
 0.971199 0.0667254  0.228738   63.8762 -0.0610086   0.997625 -0.0319818   -7.40315 -0.230329 0.0171056  0.972963   125.481
  0.9708 0.070031 0.229443  64.0695 -0.0654132   0.997474   -0.02768   -7.45073 -0.230802 0.0118632  0.972928   126.315
 0.970689 0.0696753  0.230018   64.2628 -0.0635426   0.997401 -0.0339714   -7.49798 -0.231787 0.0183597  0.972593   127.116
 0.971277 0.0653092  0.228812   64.4623 -0.0557153   0.997285 -0.0481479   -7.54633 -0.231335 0.0340167  0.972279   127.914
 0.971797 0.0630156  0.227242   64.6664 -0.0513468   0.997058 -0.0569065   -7.59362 -0.230159 0.0436335  0.972174   128.708
 0.971983 0.0599662  0.227273   64.8437 -0.0503545   0.997584 -0.0478614   -7.64484 -0.229594 0.0350763  0.972654   129.561
  0.97234 0.0534157   0.22738   65.0186 -0.0486396   0.998463 -0.0265607   -7.70106 -0.228449 0.0147664  0.973444   130.406
 0.972477 0.0502247  0.227521   65.1939 -0.0488971   0.998738 -0.0114718   -7.74614    -0.22781 3.09383e-05    0.973706     131.256
  0.97246 0.0546797  0.226566   65.3658 -0.0521006   0.998491 -0.0173524   -7.77657  -0.227173 0.00507023   0.973841    132.085
 0.972553 0.0624565  0.224142   65.5329 -0.0563211   0.997845 -0.0336687   -7.79993 -0.225762 0.0201206  0.973975   132.885
 0.972763 0.0627987  0.223132   65.6983 -0.0548269   0.997623 -0.0417502   -7.82828 -0.225224 0.0283794  0.973894   133.718
 0.973431 0.0587405   0.22132   65.8676 -0.0505608   0.997818 -0.0424494   -7.87403  -0.22333 0.0301314  0.974277   134.521
 0.973985 0.0583784  0.218962   66.0285 -0.0506478   0.997885 -0.0407588   -7.92119 -0.220878 0.0286085  0.974882   135.345
 0.974958 0.0575193  0.214821     66.21 -0.0496252   0.997886  -0.041966   -7.97082 -0.216781 0.0302546  0.975751   136.155
 0.976097 0.0586784  0.209262   66.3817 -0.0507037   0.997776 -0.0432764   -8.01514 -0.211336 0.0316316  0.976901   136.935
0.976442 0.063549 0.206212  66.5423 -0.0557799   0.997505 -0.0432787   -8.06451 -0.208448 0.0307567   0.97755   137.758
 0.976583 0.0686792  0.203886   66.6983 -0.0609659   0.997175 -0.0438822   -8.10451 -0.206324 0.0304244  0.978011   138.577
  0.97683 0.0702643  0.202154   66.8485 -0.0630491    0.99713 -0.0419205   -8.15354  -0.20452 0.0282036  0.978456   139.382
 0.977131 0.0679732  0.201482    66.999 -0.0617233   0.997402 -0.0371492   -8.19067 -0.203484 0.0238634  0.978787   140.189
 0.977535 0.0666353  0.199961   67.1484 -0.0602625   0.997467 -0.0377959   -8.22365 -0.201973 0.0248967  0.979075   140.972
 0.978284 0.0649469  0.196832   67.3165 -0.0580143   0.997482 -0.0407908   -8.26788 -0.198986 0.0284859  0.979588   141.771
 0.979475 0.0603348  0.192325   67.4591 -0.0526718    0.99761 -0.0447155   -8.30885 -0.194563 0.0336676  0.980312   142.561
 0.981039 0.0574291  0.185105   67.6242 -0.0497954   0.997716 -0.0456318   -8.35581 -0.187303 0.0355492  0.981659   143.352
 0.982162 0.0557791  0.179573   67.7418 -0.0492652   0.997963 -0.0405355   -8.39665 -0.181468 0.0309657  0.982909   144.162
0.983349 0.053191  0.17377  67.8769 -0.0483503   0.998319 -0.0319751   -8.44164 -0.175178 0.0230409  0.984267   144.961
 0.984228 0.0498226  0.169747   68.0179 -0.0465875    0.99865 -0.0229908   -8.47411 -0.170663 0.0147201   0.98522   145.767
0.984574  0.05643 0.165618  68.1382 -0.0537909   0.998344 -0.0203809   -8.50968 -0.166494 0.0111577  0.985979   146.569
0.985142 0.059431 0.161133  68.2415 -0.0561253   0.998111  -0.024994   -8.54175 -0.162314  0.015579  0.986616   147.363
 0.986335 0.0596954   0.15356   68.3531 -0.0549351   0.997874 -0.0350615   -8.57438 -0.155326 0.0261465  0.987517   148.143
 0.987552 0.0563629  0.146849   68.4643 -0.0508929   0.997873 -0.0407466   -8.60152 -0.148833 0.0327658  0.988319   148.919
0.988546  0.05607 0.140118   68.571 -0.0509862   0.997913 -0.0396151   -8.64266 -0.142047 0.0320172  0.989342   149.694
 0.989187 0.0620606  0.132879   68.6499 -0.0577285   0.997675 -0.0362133   -8.68206 -0.134817 0.0281508  0.990471   150.481
 0.989965 0.0667147  0.124572   68.7355 -0.0624845   0.997339 -0.0375659   -8.71452 -0.126747 0.0294051  0.991499   151.287
 0.990944 0.0698969  0.114653    68.809 -0.0653717   0.996944 -0.0427696   -8.76938 -0.117292 0.0348872  0.992484    152.08
 0.991975 0.0685853  0.106217   68.8775 -0.0641206   0.996932 -0.0448971   -8.81574 -0.108971 0.0377261  0.993329   152.906
 0.992817 0.0683442 0.0981988   68.9429 -0.0644602   0.997028 -0.0421991   -8.85368 -0.100791 0.0355661  0.994272   153.756
 0.993442  0.069998 0.0904054   69.0122 -0.0670841   0.997137 -0.0348813   -8.89385 -0.0925883  0.0285878   0.995294    154.555
 0.993899 0.0732047 0.0824966   69.0656 -0.0710178   0.997049 -0.0291427   -8.92737 -0.0843865  0.0231062   0.996165    155.367
 0.994636 0.0716129 0.0746407   69.1321 -0.0698758   0.997226 -0.0256328    -8.9587 -0.0762693  0.0202797   0.996881    156.167
 0.995058 0.0715834  0.068815   69.1605 -0.0701392   0.997268 -0.0231816   -8.99495 -0.0702864  0.0182404    0.99736    157.024
 0.995403 0.0704636 0.0648736   69.1886 -0.0689452   0.997298 -0.0253576   -9.02056 -0.0664851  0.0207683   0.997571    157.869
 0.995331 0.0757556 0.0598024   69.2301  -0.074036    0.99679 -0.0304685   -9.06454 -0.0619186  0.0258987   0.997745    158.676
 0.995075 0.0816236 0.0562396   69.2455 -0.0796041    0.99613 -0.0372639   -9.09702 -0.0590636  0.0326034   0.997722    159.487
 0.995229 0.0823781 0.0522715   69.2948 -0.0803604   0.995979 -0.0395983   -9.13002 -0.0553233  0.0352088   0.997848    160.298
 0.995201 0.0841444 0.0499468   69.3068 -0.0825108   0.996013 -0.0339184   -9.16278 -0.0526017  0.0296345   0.998176    161.146
 0.995146 0.0856776 0.0484042   69.3226 -0.0846076   0.996131 -0.0237431   -9.18892 -0.0502512  0.0195325   0.998546    161.988
 0.995218 0.0863226 0.0457044   69.3314 -0.0856452   0.996188 -0.0165823   -9.21814 -0.0469616  0.0125887   0.998817    162.844
 0.995749 0.0825536 0.0408579   69.3503 -0.0817976   0.996451 -0.0198447   -9.24887 -0.0423512  0.0164183   0.998968    163.669
 0.996891 0.0706239  0.034924   69.3759 -0.0695938   0.997128 -0.0298814   -9.27712 -0.036934  0.027358  0.998943   164.483
 0.997307 0.0678418 0.0278472   69.3799  -0.066867   0.997163 -0.0345579   -9.29975 -0.0301126  0.0326028   0.999015    165.298
