   0.999989 -0.00280654 -0.00376083  -0.0046512  0.00279872    0.999994 -0.00208219  -0.0187767 0.00376665 0.00207164   0.999991   0.678283
    0.99997 -0.00145135 -0.00760911  -0.0226809  0.00142272    0.999992 -0.00376617  -0.0256552 0.00761451 0.00375523   0.999964    1.36103
   0.999934 -0.00182635  -0.0113678  -0.0446218  0.00177167    0.999987 -0.00481889   -0.043098  0.0113764 0.00479843   0.999924    2.05724
    0.999867 -0.000320081   -0.0163281   -0.0643731 0.000231744    0.999985 -0.00541173  -0.0534907  0.0163296 0.00540723   0.999852    2.79908
  0.999785  -0.001798 -0.0206551 -0.0864967  0.00168688    0.999984 -0.00539625   -0.073304  0.0206645 0.00536025   0.999772    3.53278
    0.999689 -0.000414892   -0.0249403    -0.118487 0.000250869    0.999978 -0.00657938  -0.0860796  0.0249425 0.00657107   0.999667    4.28147
  0.999535 0.00248032 -0.0303802  -0.137202 -0.00270633    0.999969 -0.00740055  -0.0960824  0.0303609 0.00747933   0.999511    5.05962
 0.999399 0.0025135 -0.034578 -0.177591 -0.00271964    0.999979 -0.00591577   -0.105062  0.0345624 0.00600625   0.999384    5.86426
  0.999272 0.00197185 -0.0380878  -0.240883  -0.0020933    0.999993 -0.00314891    -0.11847  0.0380813 0.00322635   0.999269    6.65075
  0.999123 0.00184244 -0.0418285  -0.274914  -0.00186427     0.999998 -0.000482815    -0.134186   0.0418275 0.000560371    0.999125     7.45831
  0.998998 0.00328242 -0.0446317   -0.31577 -0.00333119    0.999994 -0.00101842   -0.147176  0.0446281 0.00116608   0.999003    8.27654
  0.998899 0.00325875 -0.0467912  -0.357113 -0.00333861    0.999993 -0.00162869   -0.155253  0.0467856 0.00178311   0.998903     9.0962
   0.998816 4.92021e-05  -0.0486562     -0.3946 -0.000151702     0.999998  -0.00210294    -0.165076   0.048656 0.00210783   0.998813     9.9143
    0.998722 -0.000123221   -0.0505467    -0.456273 6.52612e-05    0.999999 -0.00114831   -0.182734  0.0505468 0.00114354   0.998721     10.788
   0.998684 -0.00190068   -0.051255   -0.533269  0.00182001    0.999997 -0.00162069   -0.189166   0.051258 0.00152527   0.998684    11.6526
   0.998595 0.000751888  -0.0529875   -0.589282 -0.00097526    0.999991 -0.00418984   -0.201269  0.0529838 0.00423563   0.998586    12.4972
  0.998565 0.00061151 -0.0535516   -0.68778 -0.000998587     0.999974  -0.00720165    -0.203286  0.0535458 0.00724479   0.998539     13.406
  0.998479 0.00454499 -0.0549434  -0.757663 -0.00503696    0.999948 -0.00881904    -0.22223  0.0549005 0.00908237   0.998451    14.2664
  0.998446 0.00614283 -0.0553812   -0.85354 -0.00660849    0.999944 -0.00822903    -0.24755  0.0553276 0.00858224   0.998431    15.1872
  0.998427 0.00593976 -0.0557487  -0.966683 -0.00633765    0.999956 -0.00696314   -0.269457 0.0557049 0.0073055  0.998421   16.1326
  0.998372  0.0063233 -0.0566908   -1.03374 -0.00666346    0.999961 -0.00581319   -0.277554  0.0566518 0.00618148   0.998375    17.0126
  0.998343 0.00529086 -0.0572918    -1.0941 -0.00562683    0.999968 -0.00570446   -0.293268  0.0572598 0.00601738   0.998341    17.8935
  0.998296 0.00498768 -0.0581401   -1.18293 -0.00538047    0.999964 -0.00660137   -0.309803   0.058105 0.00690294   0.998287     18.799
  0.998279 0.00316043   -0.05856   -1.26386 -0.00360478    0.999965 -0.00748381   -0.322728  0.0585343 0.00768202   0.998256    19.7184
 0.998304 0.0019359 -0.058186  -1.36357 -0.00229331    0.999979 -0.00607643   -0.323259   0.058173 0.00619956   0.998287    20.6584
   0.99838 0.00326548 -0.0567984   -1.47704 -0.00343774     0.99999 -0.00293546   -0.341007  0.0567883 0.00312596   0.998381    21.6184
  0.998479 0.00309992 -0.0550532   -1.58448 -0.00303968    0.999995  0.00117796   -0.358702   0.0550565 -0.00100882    0.998483      22.574
  0.998573  0.0017974 -0.0533671   -1.65521 -0.00156926    0.999989   0.0043165   -0.381144   0.0533743 -0.00422659    0.998566     23.5339
  0.998681 0.00127274 -0.0513362   -1.73777 -0.00104387    0.999989  0.00448494   -0.378059   0.0513414 -0.00442544    0.998671     24.4946
  0.998809 0.00222922 -0.0487334   -1.84562 -0.00216189    0.999997  0.00143423   -0.397917   0.0487364 -0.00132716    0.998811     25.4828
   0.99888 0.00364668 -0.0471705   -1.93071 -0.00382823    0.999986   -0.003759     -0.4037  0.0471561 0.00393537    0.99888    26.4501
  0.999007  0.0024329 -0.0444894   -2.04039 -0.00273345    0.999974  -0.0066959   -0.415489   0.044472 0.00681086   0.998987    27.4414
    0.999051 -5.80043e-06   -0.0435575     -2.10279 -0.000253593     0.999982  -0.00594966    -0.430347  0.0435568 0.00595506   0.999033    28.4238
   0.999076 -0.00442927  -0.0427383    -2.24883  0.00437271    0.999989 -0.00141676   -0.416517  0.0427441 0.00122857   0.999085    29.5181
    0.99901 -0.00784699  -0.0437788    -2.28139 0.00794245   0.999966 0.00200706  -0.443076   0.0437615 -0.00235278    0.999039     30.5045
   0.99889 -0.0151005 -0.0446264   -2.32464  0.0151615   0.999885 0.00102862  -0.451886   0.0446057 -0.00170408    0.999003     31.4681
  0.998747 -0.0177088 -0.0467966   -2.35748    0.017589    0.999841 -0.00297079   -0.462189  0.0468418 0.00214397     0.9989    32.5001
  0.998704 -0.0170103 -0.0479765   -2.42128   0.0166879    0.999835 -0.00711087   -0.481005  0.0480895 0.00630102   0.998823    33.5079
  0.998681 -0.0148963 -0.0491324   -2.52049  0.0145149   0.999862 -0.0081106  -0.504684  0.0492464 0.00738675   0.998759     34.538
   0.99866 -0.0144038 -0.0497067   -2.58002   0.0140526    0.999874 -0.00740745   -0.508738  0.0498071 0.00669902   0.998736    35.5256
  0.998643 -0.0112131 -0.0508658   -2.65406   0.0109621    0.999926 -0.00521082   -0.518871  0.0509204 0.00464616   0.998692     36.553
  0.998599 -0.0105916 -0.0518455   -2.71987   0.0104128    0.999939 -0.00371741   -0.552787  0.0518817 0.00317234   0.998648    37.5496
   0.998569 -0.00909435  -0.0527061    -2.79114   0.0090329    0.999958 -0.00140408   -0.571012   0.0527167 0.000925979    0.998609     38.5601
   0.998591 -0.00814062  -0.0524373    -2.85385 0.00821543   0.999966 0.00121116  -0.586423   0.0524256 -0.00164024    0.998623     39.5974
   0.998689 -0.00199095  -0.0511465    -2.98709 0.00217537   0.999991 0.00355029  -0.610545   0.051139 -0.0036569   0.998685    40.6315
   0.998686 -0.00196968  -0.0512092    -3.04663 0.00211005   0.999994 0.00268714  -0.621807   0.0512036 -0.00279166    0.998684     41.6201
    0.998736 -0.000362315   -0.0502615     -3.13431 0.000409729    0.999999 0.000933046   -0.649907   0.0502611 -0.00095246    0.998736     42.6282
  0.998776 0.00216766  -0.049418     -3.216 -0.00225832    0.999996 -0.00177891   -0.657542   0.049414 0.00188834   0.998777    43.6192
  0.998826 0.00188073 -0.0483974   -3.33727 -0.00199709    0.999995 -0.00235595    -0.66846  0.0483928 0.00244984   0.998825     44.634
   0.998761 0.000674325  -0.0497539    -3.38365 -0.000736204     0.999999  -0.00122538    -0.691909   0.049753 0.00126049   0.998761    45.6105
  0.998741 0.00171634 -0.0501333   -3.45152 -0.00175596    0.999998 -0.00074616   -0.707925    0.050132 0.000833252    0.998742     46.5994
  0.998746 0.00547374 -0.0497737   -3.53017 -0.00570441    0.999974 -0.00449357    -0.73663  0.0497478 0.00477187    0.99875    47.5776
  0.998705 0.00699512 -0.0503851   -3.60105 -0.00743849    0.999935 -0.00861759   -0.769112  0.0503216 0.00898122   0.998693    48.5648
  0.998677 0.00830601 -0.0507467   -3.66363 -0.00882657    0.999911  -0.0100425   -0.794335 0.0506587 0.0104772  0.998661   49.5379
  0.998659 0.00779931  -0.051181   -3.71294 -0.00817396    0.999941 -0.00711495   -0.813555  0.0511225 0.00752376   0.998664    50.5088
  0.998676 0.00624003 -0.0510595   -3.77711 -0.00646606     0.99997 -0.00426276   -0.838805  0.0510313 0.00458727   0.998687    51.4817
   0.99869 0.00518636 -0.0509109   -3.84124 -0.00537589    0.999979  -0.0035865   -0.870839  0.0508912 0.00385549   0.998697    52.4534
  0.998691 0.00256808 -0.0510886   -3.89936 -0.00281644    0.999985 -0.00478992   -0.905636  0.0510755 0.00492753   0.998683    53.4292
   0.998673 0.000369158  -0.0514911    -3.96171 -0.00067981    0.999982 -0.00601573    -0.94112  0.0514879 0.00604275   0.998655    54.4113
    0.998654 -0.000531516   -0.0518679     -4.04135 0.000287493    0.999989 -0.00471205   -0.976781  0.0518698 0.00469079   0.998643    55.3816
   0.998626 -0.00289735  -0.0523228    -4.11269  0.00284792    0.999995 -0.00101924   -0.996076   0.0523255 0.000868827     0.99863     56.3244
   0.998625 -0.00304519  -0.0523419    -4.17745 0.00325114   0.999987 0.00384994   -1.01984   0.0523295 -0.00401481    0.998622     57.2446
    0.998627 -0.000151554   -0.0523825     -4.25459 0.000468121    0.999982  0.00603115    -1.04454   0.0523806 -0.00604739    0.998609     58.2124
    0.99858 0.000552159  -0.0532726    -4.33732 -0.00044529    0.999998  0.00201792     -1.0587   0.0532736 -0.00199133    0.998578     59.1538
   0.99856  0.0028529 -0.0535797   -4.43169 -0.00317447    0.999977 -0.00591748    -1.07656  0.0535616 0.00607904   0.998546    60.0756
  0.998513 0.00604495 -0.0541814   -4.50514 -0.00662083    0.999923  -0.0104556    -1.12917  0.054114 0.0107988  0.998476    61.021
  0.998421  0.0114654 -0.0549879   -4.57514  -0.0120127    0.999881 -0.00963269    -1.15456 0.054871 0.010278 0.998441  61.9453
  0.998343  0.0138457 -0.0558447   -4.64095 -0.0142368   0.999877  -0.006611   -1.20655 0.0557463 0.0073951  0.998418   62.8467
  0.998353  0.0155233 -0.0552319   -4.77501  -0.0158929    0.999854 -0.00625872    -1.18959 0.0551267 0.0071262  0.998454   63.7769
 0.998261 0.0165683 -0.056566  -4.82508  -0.0169822    0.999832 -0.00684277    -1.20783  0.0564431 0.00779149   0.998375    64.6596
  0.998163  0.0180133 -0.0578433   -4.89938  -0.0183898    0.999813 -0.00598416    -1.23062  0.0577247 0.00703689   0.998308    65.5271
  0.998143  0.0188997 -0.0579038    -5.0025  -0.0192952    0.999794 -0.00627986    -1.22818  0.0577732 0.00738547   0.998302    66.3863
  0.998066  0.0189158 -0.0592117   -5.06861  -0.0193126    0.999795 -0.00613667    -1.24351  0.0590835 0.00726833   0.998227    67.2318
  0.997997  0.0188959 -0.0603803   -5.13068  -0.0192587      0.9998 -0.00543175    -1.25971  0.0602656 0.00658371   0.998161    68.0686
  0.997821  0.0216395 -0.0623321   -5.16596  -0.0218478    0.999758 -0.00266214    -1.27882  0.0622594 0.00401816   0.998052    68.8941
  0.997735  0.0227189 -0.0633157   -5.24023 -0.0226684   0.999742 0.00151482   -1.29668    0.0633338 -7.61167e-05     0.997992      69.7072
 0.997559 0.0256525 -0.064942  -5.30837 -0.0254914    0.99967 0.00330744   -1.31869  0.0650053 -0.0016439   0.997884     70.508
 0.997373 0.0289081 -0.066417  -5.36702   -0.0290099     0.999579 -0.000569159     -1.34526  0.0663726 0.00249442   0.997792    71.2705
  0.997277  0.0290205 -0.0677949   -5.42367  -0.0295943    0.999534 -0.00747386     -1.3722  0.0675464 0.00945985   0.997671    72.0079
  0.997193  0.0282818 -0.0693265   -5.48019 -0.0292848    0.99948 -0.0134942    -1.3853 0.0689088 0.0154866  0.997503   72.7098
  0.997152  0.0292773 -0.0695037   -5.54883 -0.0303686   0.999431 -0.0146974   -1.40555 0.0690338 0.0167663  0.997473   73.4101
 0.996982 0.0318249 -0.070807  -5.59447 -0.0327185   0.999398 -0.0114967   -1.41716 0.0703985 0.0137787  0.997424   74.1161
  0.996936   0.031832 -0.0714495   -5.66552  -0.0325649    0.999428 -0.00911639    -1.44915 0.0711184 0.0114152  0.997403   74.7756
  0.996907  0.0289775 -0.0730569   -5.69939 -0.0299853   0.999469  -0.012736   -1.46212 0.0726491 0.0148873  0.997246   75.4154
  0.997092  0.0210274 -0.0732463   -5.73677 -0.0223788   0.999593 -0.0176786   -1.49385 0.0728447 0.0192663  0.997157   76.0323
  0.997215   0.016942 -0.0726358   -5.76648 -0.0186274   0.999571 -0.0225879   -1.51202 0.0722219  0.023878  0.997103    76.638
  0.997424  0.0193706 -0.0690597   -5.83154 -0.0210116   0.999512 -0.0231152   -1.52764 0.0685783 0.0245067  0.997345   77.2301
  0.997586  0.0245458 -0.0649627   -5.87849 -0.0258982   0.999463 -0.0200579   -1.55407 0.0644355 0.0216919  0.997686   77.7979
  0.997938  0.0227797 -0.0600124   -5.92634 -0.0238461   0.999569 -0.0171138   -1.57303 0.0595967 0.0185096  0.998051   78.3636
  0.998314  0.0189405 -0.0548667   -5.93396 -0.0196608   0.999727 -0.0126186   -1.60254 0.0546127 0.0136761  0.998414     78.91
  0.998821   0.014263 -0.0464068   -5.96264  -0.0147154    0.999847 -0.00942143    -1.62003 0.0462653 0.0100932  0.998878   79.4352
   0.99921  0.0178854 -0.0354778   -5.98719 -0.0182509   0.999783 -0.0100059   -1.63151 0.0352911 0.0106455   0.99932   79.9568
  0.999514  0.0233799 -0.0206413   -5.99394 -0.0236034   0.999665 -0.0106545    -1.6468 0.0203853 0.0111365   0.99973   80.4595
   0.999589   0.0285475 -0.00253521    -5.99326 -0.0285723   0.999538 -0.0103872   -1.65967 0.00223751  0.0104553   0.999943    80.9517
 0.999437 0.0272038 0.0196247  -5.97363 -0.0270059   0.999582 -0.0102788   -1.67148 -0.0198962 0.00974302   0.999755    81.4318
 0.998665 0.0236478 0.0459148  -5.93381 -0.0232275   0.999683 -0.0096665   -1.68848 -0.0461288 0.00858711   0.998899    81.8888
 0.996881 0.0224885 0.0756511  -5.88148  -0.0219565    0.999728 -0.00785742    -1.71471 -0.0758072 0.00617188   0.997103    82.3494
 0.993828 0.0218957  0.108753  -5.81494   -0.021288    0.999751 -0.00674663     -1.7303  -0.108874 0.00438985   0.994046    82.7973
 0.989022 0.0221031  0.146104  -5.72099  -0.0213456    0.999749 -0.00675051    -1.74641  -0.146217 0.00355773   0.989246    83.2419
 0.982052 0.0218261  0.187344  -5.60341  -0.0209037    0.999758 -0.00689799    -1.76699   -0.18745 0.00285799    0.98227    83.6929
 0.972427 0.0216007  0.232204  -5.46873  -0.0204071    0.999763 -0.00754178    -1.77939  -0.232312 0.00259524   0.972638    84.1195
 0.959346 0.0239595  0.281212  -5.33126 -0.0220127   0.999707   -0.01008   -1.79791  -0.281371 0.00347999   0.959593    84.5259
 0.942123 0.0254162  0.334304  -5.18035 -0.0219662   0.999659  -0.014097   -1.80556  -0.334548 0.00593775    0.94236    84.8956
0.920874 0.025965 0.388995 -4.99471 -0.0209861   0.999634 -0.0170439   -1.81561  -0.389296 0.00753183   0.921082    85.2419
 0.895178 0.0262337  0.444937  -4.79373 -0.0200522   0.999626 -0.0185949   -1.84011  -0.445258 0.00772374   0.895369    85.5632
0.864249 0.027162  0.50233 -4.57335 -0.0187853   0.999587   -0.02173   -1.84499  -0.502713 0.00934372   0.864403    85.8873
 0.829278 0.0260605  0.558228  -4.33214 -0.0151308   0.999593 -0.0241878   -1.86101 -0.558631 0.0116119  0.829335   86.1751
 0.790632 0.0256766  0.611753  -4.07343 -0.0120124   0.999579 -0.0264296   -1.87166 -0.612173 0.0135474  0.790608   86.4555
 0.750425 0.0243407  0.660507  -3.78596 -0.00990191    0.999624  -0.0255877    -1.88978 -0.660881 0.0126614  0.750384   86.6922
0.707127 0.024274 0.706669 -3.50059 -0.0106407   0.999663 -0.0236907   -1.90285  -0.707006 0.00923291   0.707147    86.9064
 0.661184 0.0234999  0.749856  -3.19827 -0.00896655    0.999685  -0.0234231    -1.91807   -0.75017 0.00876334   0.661187    87.1123
 0.613847 0.0226268    0.7891  -2.88145 -0.00366832     0.99966  -0.0258108    -1.92398 -0.789416 0.0129492  0.613722   87.3031
 0.566272 0.0204069  0.823966  -2.55784 0.00311583   0.999633 -0.0268989   -1.93698 -0.824212 0.0177994  0.566001   87.4707
  0.51909 0.0225215  0.854423  -2.23901 0.00227809   0.999613 -0.0277325    -1.9547 -0.854717 0.0163421  0.518838   87.6196
0.471092 0.025438 0.881717  -1.9144 -0.000307954     0.999589   -0.0286741     -1.97047 -0.882084 0.0132366  0.470906   87.7622
 0.425212 0.0277613  0.904668  -1.57872 -0.000318252     0.999534   -0.0305229      -1.9874 -0.905094 0.0126908  0.425022   87.8836
 0.382643 0.0255735  0.923542  -1.23796 0.00854521   0.999476 -0.0312166   -1.99813 -0.923857 0.0198367  0.382224   87.9796
 0.343167 0.0186157   0.93909 -0.880364  0.0243707   0.999291 -0.0287147   -2.00876 -0.938958 0.0327403   0.34247   88.0596
 0.307763 0.0148649  0.951347 -0.517135  0.0291003   0.999263 -0.0250276   -2.02428 -0.951018 0.0353871  0.307103    88.143
 0.274618 0.0191867  0.961362 -0.164361  0.0267774   0.999261 -0.0275922   -2.03752 -0.961181 0.0333201  0.273901   88.2235
  0.24311 0.0264889  0.969637  0.204518   0.016274   0.999375 -0.0313816   -2.06462 -0.969862 0.0234091  0.242527   88.3168
 0.214613 0.0306652  0.976218  0.569702  0.0117492   0.999354 -0.0339749   -2.09167 -0.976628 0.0187612  0.214114   88.3879
 0.188942 0.0323735  0.981454   0.94654  0.0132181   0.999282 -0.0355062   -2.11749 -0.981899 0.0196815  0.188378   88.4436
 0.165406 0.0337029   0.98565   1.36271   0.021574   0.999053 -0.0377817   -2.13743  -0.98599 0.0275137  0.164522   88.5005
 0.145208 0.0398891  0.988597   1.76485  0.0286536   0.998598 -0.0445013   -2.15371 -0.988986 0.0347888  0.143861   88.5408
 0.124957 0.0465072  0.991072   2.21264  0.0287305   0.998312 -0.0504694   -2.18475 -0.991746 0.0347804   0.12341   88.6008
 0.107058 0.0471817  0.993133   2.63654  0.0265726   0.998381 -0.0502955   -2.20979 -0.993898 0.0317747  0.105631   88.6491
0.0907845  0.043006  0.994942   3.13135  0.0246978   0.998663 -0.0454205    -2.2395 -0.995564 0.0286963  0.089601   88.7141
0.0766581 0.0398514  0.996261   3.57555  0.0264981   0.998767 -0.0419905   -2.26166 -0.996705 0.0296179 0.0755076   88.7334
0.0631363 0.0374613  0.997302   4.07948  0.0292924   0.998795 -0.0393718   -2.28944 -0.997575 0.0316991 0.0619629    88.768
0.0511936 0.0365252  0.998021   4.58837  0.0323386   0.998746 -0.0382105   -2.32244 -0.998165 0.0342307 0.0499482   88.7951
0.0411115 0.0372539   0.99846   5.09676  0.0363893   0.998586 -0.0387569   -2.34424 -0.998492 0.0379266 0.0396977    88.817
0.0328389 0.0380427  0.998736    5.6161  0.0374072   0.998528 -0.0392647   -2.37326  -0.99876 0.0386494 0.0313675   88.8379
0.0267581 0.0389943  0.998881   6.19954 0.0388504  0.998443 -0.040018  -2.39116 -0.998887 0.0398777 0.0252015   88.8743
0.0214753 0.0398597  0.998974   6.73406  0.0415167   0.998307 -0.0407256   -2.41366 -0.998907 0.0423487 0.0197841   88.8795
0.0154479  0.040659  0.999054   7.31457  0.0424363   0.998246 -0.0412823     -2.441  -0.99898 0.0430338 0.0136954   88.8943
0.0110769 0.0408301  0.999105   7.89531   0.044573   0.998153 -0.0412853   -2.47029  -0.998945  0.0449904 0.00923656     88.897
0.00794513   0.041318   0.999114    8.52354  0.0460768    0.99807 -0.0416412   -2.49453 -0.998906 0.0463668  0.006026   88.9104
0.00440519  0.0411749   0.999142    9.14981  0.0455936   0.998105 -0.0413331   -2.52608   -0.99895  0.0457366 0.00251953    88.9235
0.00156872  0.0409531    0.99916    9.79504  0.0464154   0.998081 -0.0409817   -2.55238    -0.998921    0.0464407 -0.000335138      88.9337
0.000376569   0.0411385    0.999153     10.4877  0.0512443    0.99784 -0.0411037   -2.57907   -0.998686   0.0512164 -0.00173236      88.952
0.00125204  0.0406774   0.999172    11.1542  0.0542414   0.997699 -0.0406854   -2.62181    -0.998527    0.0542474 -0.000957239      88.9497
0.00312404  0.0407293   0.999165    11.8293  0.0551545   0.997642 -0.0408397   -2.66014   -0.998473    0.055236 0.000870268      88.963
0.0069288 0.0405205  0.999155   12.5576   0.058401   0.997457 -0.0408566   -2.70157  -0.998269  0.0586347 0.00454474    88.9795
 0.010987 0.0404946  0.999119   13.3109  0.0591616   0.997403 -0.0410756   -2.72627  -0.998188  0.0595608 0.00856271    89.0003
0.0140727 0.0383997  0.999163   14.0481  0.0594963    0.99746 -0.0391722   -2.78231 -0.998129 0.0599978 0.0117523   89.0318
 0.019161 0.0370294   0.99913   14.8306  0.0597436   0.997486 -0.0381142   -2.81419  -0.99803  0.060422 0.0169005   89.0269
0.022131 0.035362 0.999129  15.6656 0.055802 0.997773 -0.03655  -2.8514 -0.998197 0.0565623 0.0201084   89.0964
0.0268092 0.0343905  0.999049   16.4226  0.0542942   0.997883 -0.0358074   -2.88773 -0.998165 0.0552026 0.0248852   89.0936
0.0308984  0.035553   0.99889   17.2481  0.0508181   0.998019 -0.0370939   -2.92743  -0.99823 0.0519078 0.0290304   89.1301
0.0337386 0.0394827  0.998651   18.0465  0.0468742   0.998057 -0.0410428   -2.98142 -0.998331 0.0481957 0.0318223   89.1677
0.0346591 0.0444529   0.99841   18.8733  0.0407298   0.998117 -0.0458538     -3.033 -0.998569 0.0422543 0.0327833   89.2212
0.0351251 0.0475908  0.998249   19.6636  0.0376374   0.998094 -0.0489078   -3.07746 -0.998674 0.0392894  0.033267   89.2355
0.0344678 0.0474381  0.998279   20.5304  0.0350513   0.998201 -0.0486446   -3.12479 -0.998791 0.0366676 0.0327431   89.3043
0.0344768 0.0458881  0.998351   21.3661  0.0323425   0.998371 -0.0470059   -3.16758 -0.998882 0.0339098 0.0329365   89.3471
  0.03435 0.0442659  0.998429   22.1705  0.0323991   0.998444 -0.0453812   -3.23205 -0.998885 0.0339071 0.0328624    89.374
0.0348474 0.0434604  0.998447   22.9826  0.0301662   0.998553 -0.0445179   -3.28348 -0.998937 0.0316706 0.0334859   89.4075
0.0354482 0.0433881  0.998429    23.772  0.0267988   0.998657 -0.0443494   -3.34673 -0.999012 0.0283288 0.0342378   89.4238
0.0355949 0.0439483  0.998399    24.585  0.0231902   0.998727 -0.0447895   -3.39639 -0.999097 0.0247474 0.0345305   89.4579
 0.034109 0.0452464  0.998393     25.41  0.0202062   0.998739 -0.0459524   -3.45009 -0.999214 0.0217411 0.0331518   89.5072
 0.031208 0.0450715  0.998496   26.2082  0.0171815   0.998811 -0.0456227   -3.49273 -0.999365 0.0185795 0.0303965   89.5411
 0.027747 0.0435047  0.998668   26.9991  0.0144352   0.998931 -0.0439172   -3.54546 -0.999511 0.0156345 0.0270894   89.5553
0.0220316 0.0410479  0.998914     27.82  0.0121267   0.999072 -0.0413219   -3.59404 -0.999684  0.013024 0.0215133   89.6082
0.0159308 0.0393105    0.9991   28.6204  0.0108961   0.999161 -0.0394866    -3.6335 -0.999814 0.0115153 0.0154891   89.6249
0.00868803  0.0394077   0.999185     29.411  0.0107737   0.999161 -0.0395004   -3.68131  -0.999904  0.0111082 0.00825618     89.635
0.00053827  0.0404543   0.999181    30.1845  0.0112403   0.999118 -0.0404578   -3.72322   -0.999937   0.0112529 8.30755e-05     89.6267
-0.00912245   0.0409878    0.999118     30.9648  0.0119529   0.999093 -0.0408776   -3.76516  -0.999887  0.0115694 -0.0096041     89.615
-0.019027 0.0400968  0.999015   31.7426  0.0133834   0.999116 -0.0398459   -3.80695  -0.999729  0.0126121 -0.0195469    89.5994
-0.0297821  0.0392101   0.998787    32.5254  0.0123846   0.999168 -0.0388558   -3.84853   -0.99948  0.0112124 -0.0302429    89.5797
-0.0404759  0.0387166    0.99843    33.3017  0.0149163   0.999161 -0.0381403   -3.88678  -0.999069  0.0133491 -0.0410195    89.5448
-0.0515285    0.03902   0.997909     34.078  0.0147134   0.999158 -0.0383091   -3.93224  -0.998563  0.0127086 -0.0520592    89.5038
-0.0623779  0.0397665    0.99726    34.8528  0.0163228   0.999113 -0.0388194   -3.97537  -0.997919  0.0138566 -0.0629717    89.4589
-0.0729934  0.0407668   0.996499    35.6443  0.0163114   0.999079 -0.0396775   -4.02588  -0.997199  0.0133581 -0.0735912     89.408
-0.0832116  0.0418123   0.995654    36.4195  0.0186148    0.99901 -0.0403975   -4.07713  -0.996358  0.0151723 -0.0839075    89.3496
-0.0927795  0.0425913   0.994775    37.1646  0.0197441   0.998967 -0.0409293   -4.11748  -0.995491  0.0158435 -0.0935245    89.2868
-0.102214 0.0430897  0.993829    37.919  0.0207255   0.998937 -0.0411796   -4.16191 -0.994546 0.0163884 -0.102999   89.2056
-0.111863 0.0435235   0.99277   38.6669  0.0219351   0.998905 -0.0413208   -4.20417 -0.993481 0.0171542 -0.112695   89.1347
-0.119924 0.0426286  0.991867   39.3717  0.0224989   0.998938 -0.0402122   -4.25741 -0.992528 0.0174935 -0.120756   89.0316
-0.12789 0.042919 0.990859  40.1172  0.0263976   0.998857 -0.0398582   -4.27023 -0.991437 0.0210588 -0.128877    88.963
 -0.13272 0.0415131  0.990284   40.8281   0.029338   0.998849 -0.0379402   -4.31086 -0.990719 0.0240176 -0.133785   88.8614
-0.136883 0.0402045  0.989771   41.5294  0.0321199   0.998831 -0.0361304   -4.34852 -0.990066 0.0268457 -0.138014   88.7743
-0.138972 0.0393639  0.989514   42.1823  0.0330427   0.998838 -0.0350941   -4.38101 -0.989745 0.0278191 -0.140111   88.6645
-0.140553 0.0390273  0.989304   42.8612  0.0340922   0.998821 -0.0345592   -4.40791 -0.989486 0.0288702 -0.141718   88.5677
-0.141259 0.0403634   0.98915   43.4822 0.0354913  0.998733 -0.035686  -4.42457 -0.989336 0.0300652 -0.142512   88.4776
-0.140287 0.0417631   0.98923   44.0807 0.0370912   0.99863   -0.0369  -4.45526 -0.989416 0.0315152 -0.141643   88.3915
-0.137294 0.0435533  0.989572   44.7006  0.0377854   0.998536 -0.0387055   -4.49073 -0.989809 0.0320773 -0.138739   88.3113
-0.132864 0.0444572  0.990137   45.3278  0.0368455   0.998525 -0.0398897   -4.51919 -0.990449 0.0311821 -0.134306    88.248
-0.125046 0.0452037  0.991121   45.9268  0.0365412   0.998494 -0.0409297   -4.55996 -0.991478 0.0310986  -0.12651   88.1891
-0.113735 0.0451354  0.992485   46.4845  0.0353544   0.998519 -0.0413583     -4.596 -0.992882 0.0303848 -0.115162   88.1267
-0.101428 0.0449338  0.993828   47.0837  0.0344464   0.998539 -0.0416313   -4.64712 -0.994246 0.0300112 -0.102828   88.1085
-0.0841628  0.0469972   0.995343    47.6373  0.0334009   0.998459 -0.0443201   -4.67145  -0.995892  0.0295152 -0.0856029    88.0765
-0.0624479  0.0494503   0.996822    48.1321  0.0316186   0.998368 -0.0475462   -4.70514  -0.997547   0.028549 -0.0639096    88.0485
-0.0376179   0.053379   0.997866    48.6433  0.0290105    0.99821 -0.0523037   -4.72501  -0.998871   0.026981 -0.0390991    88.0405
-0.00802936   0.0551726    0.998445     49.1574  0.0257768   0.998156 -0.0549494   -4.76051   -0.999635   0.0252955 -0.00943673     88.0327
0.0253869  0.054323  0.998201   49.6684  0.0231361   0.998223 -0.0549126   -4.80316  -0.99941 0.0244885 0.0240849   88.0598
0.0642166 0.0510439   0.99663   50.1638  0.0209044   0.998403 -0.0524817   -4.85237 -0.997717 0.0242042  0.063047   88.1006
 0.107926 0.0481142  0.992994   50.6687  0.0182632   0.998564 -0.0503691   -4.87701 -0.993991 0.0235714  0.106892   88.1574
 0.153976 0.0431058  0.987134   51.1632 0.0143398  0.998845 -0.045854  -4.92388 -0.987971 0.0212157   0.15318   88.2497
 0.204124 0.0403145  0.978115   51.6262   0.008428   0.999042 -0.0429359    -4.9483 -0.978909 0.0170078  0.203589   88.3556
 0.257038 0.0390649  0.965611   52.1188 0.00318979   0.999143 -0.0412706   -4.97695 -0.966396 0.0136882  0.256693   88.4973
  0.31333 0.0393619  0.948828   52.5777 0.00095516   0.999127 -0.0417639   -4.99559 -0.949644 0.0139922  0.313019   88.6581
 0.373039 0.0401772  0.926945   53.0299 0.00187414   0.999027 -0.0440557    -5.0204 -0.927814 0.0181717  0.372601    88.848
 0.434295 0.0437696  0.899707   53.4552 0.00106055   0.998793  -0.049102   -5.05024  -0.90077 0.0222789  0.433724   89.0741
 0.495129 0.0472656  0.867533   53.8396 0.00101675   0.998487 -0.0549807   -5.07359 -0.868819 0.0281046  0.494332   89.3208
0.553891 0.050884 0.831033   54.199 -0.00413286    0.998286  -0.0583703    -5.10666 -0.832579 0.0288963  0.553152    89.603
 0.610099 0.0526452  0.790574   54.5254 -0.00869409    0.998175  -0.0597602    -5.14289 -0.792277 0.0295863  0.609443   89.9201
 0.663748 0.0521679  0.746135    54.835 -0.0102097   0.998104 -0.0607026   -5.17236 -0.747886 0.0326735  0.663022    90.244
 0.713304 0.0501938  0.699055   55.1078 -0.0119003   0.998156 -0.0595271   -5.19787 -0.700754 0.0341419  0.712586   90.5793
0.759152 0.045613 0.649313  55.3556 -0.0141955   0.998465 -0.0535435   -5.22703 -0.650758 0.0314303  0.758634   90.9385
 0.801391 0.0396686  0.596825   55.5858 -0.0155104   0.998841 -0.0455624   -5.25731  -0.59794 0.0272563  0.801077   91.3124
 0.838434 0.0372175  0.543732   55.7842 -0.0191811   0.999063 -0.0388069   -5.27542 -0.544666 0.0221076  0.838361   91.7029
0.870515 0.032933 0.491039  55.9592 -0.0206178   0.999323 -0.0304713   -5.30395  -0.49171 0.0164016  0.870604   92.0798
  0.89694 0.0328474  0.440931   56.1251 -0.0246551   0.999401 -0.0242975   -5.32428 -0.441465 0.0109222  0.897212   92.5087
 0.917869 0.0341429  0.395411   56.2676 -0.0285039   0.999391 -0.0201289   -5.34414  -0.395858 0.00720496   0.918284     92.927
 0.933733 0.0398575  0.355744   56.3928 -0.0361009     0.9992 -0.0171951   -5.35511  -0.356145 0.00321298   0.934425    93.3584
 0.946259 0.0440675  0.320393   56.5184 -0.0404868   0.999021 -0.0178323   -5.36237  -0.320865 0.00390225   0.947117    93.8125
0.956126 0.045583 0.289387  56.6369 -0.0422934    0.99895 -0.0176143   -5.36715  -0.289886 0.00460236    0.95705    94.2722
 0.962611 0.0397971  0.267947   56.7457 -0.0365121   0.999185 -0.0172336   -5.38335  -0.268415 0.00680597   0.963279    94.7641
 0.966955 0.0368583   0.25227   56.8618 -0.0338627   0.999295 -0.0162074    -5.4032 -0.252689 0.0071293  0.967521   95.2271
0.970076 0.040782 0.239352  56.9666  -0.038006   0.999146 -0.0162043   -5.41847  -0.239809 0.00662262   0.970798    95.7071
 0.972218 0.0464483  0.229422   57.0768 -0.0439817   0.998907 -0.0158558   -5.42534  -0.229908 0.00532489   0.973198    96.2182
 0.973323 0.0537187  0.223063    57.175 -0.0511946   0.998543 -0.0170871   -5.43483  -0.223656 0.00521169   0.974654    96.7084
 0.973684 0.0591222  0.220101   57.2749 -0.0559276    0.99822 -0.0207233   -5.44951  -0.220934 0.00786819   0.975257    97.2306
0.973803 0.060746 0.219128  57.3898 -0.0570403   0.998102 -0.0232042   -5.47143 -0.220121 0.0100972   0.97542   97.7495
 0.973231 0.0591123  0.222098   57.4974 -0.0544847   0.998152 -0.0269109    -5.4928 -0.223279 0.0140895  0.974653   98.3273
 0.972386 0.0578259    0.2261   57.6173 -0.0515627   0.998107 -0.0335144   -5.51131  -0.22761 0.0209306  0.973527     98.88
 0.971475 0.0581847  0.229892   57.7505 -0.0507284   0.997981 -0.0382175    -5.5322 -0.231651 0.0254653  0.972466    99.424
 0.970202 0.0632886  0.233884   57.8834 -0.0559702   0.997717 -0.0378038   -5.55904 -0.235742 0.0235868  0.971529   99.9607
 0.968652 0.0663839  0.239388   58.0169 -0.0599839   0.997622 -0.0339306   -5.58876 -0.241072 0.0185075  0.970331   100.556
 0.967651 0.0635035  0.244169   58.1683 -0.0580977   0.997881 -0.0292856   -5.62119 -0.245511 0.0141526   0.96929   101.134
 0.966974 0.0591635  0.247912   58.3253 -0.0549234   0.998202 -0.0239907   -5.64503 -0.248886 0.0095822  0.968486   101.729
 0.966111 0.0566066  0.251844   58.4772 -0.0534111   0.998382  -0.019512    -5.6711  -0.252541 0.00539951   0.967571    102.349
 0.965553 0.0524607  0.254863   58.6365 -0.0492525   0.998606  -0.018958   -5.69484  -0.255502 0.00575231   0.966791    102.982
 0.965644 0.0489353  0.255219   58.8019 -0.0447678   0.998753  -0.022116   -5.71941 -0.255983 0.0099306   0.96663   103.617
 0.965777 0.0482044  0.254855   58.9643 -0.0421781   0.998687 -0.0290615   -5.74759 -0.255922 0.0173176  0.966542   104.274
 0.965882 0.0503607  0.254041   59.1211 -0.0427365   0.998457 -0.0354458   -5.77759 -0.255434 0.0233796  0.966544   104.951
 0.966373 0.0534437  0.251531   59.2867 -0.0449667   0.998214  -0.039334   -5.79862 -0.253184 0.0267008   0.96705   105.633
 0.967033 0.0521649  0.249252   59.4563  -0.044793   0.998377 -0.0351613   -5.82598 -0.250682 0.0228374    0.9678   106.333
 0.967582 0.0483372  0.247889   59.6401 -0.0428295   0.998702 -0.0275663   -5.86102   -0.2489 0.0160557  0.968396   107.044
 0.968108 0.0487918  0.245737   59.8175 -0.0448468    0.99876 -0.0216276   -5.89666  -0.246487 0.00991739   0.969095     107.78
  0.96847 0.0518771  0.243668   59.9905 -0.0478648   0.998603 -0.0223624   -5.92235  -0.244488 0.00999421   0.969601    108.519
 0.968891 0.0571587  0.240797   60.1742  -0.052203   0.998274 -0.0269148   -5.94969 -0.241919 0.0135072  0.970202   109.245
 0.969855 0.0579168  0.236701   60.3508 -0.0518389   0.998148 -0.0318263   -5.98589 -0.238106 0.0185966  0.971061    109.99
 0.970862 0.0568737  0.232792   60.5275 -0.0501517   0.998139 -0.0346983   -6.01408 -0.234332 0.0220124  0.971907   110.744
0.971849  0.05465 0.229177  60.7001 -0.0482923   0.998279 -0.0332631    -6.0429 -0.230601 0.0212593  0.972816    111.51
 0.972939 0.0508239  0.225404   60.8872 -0.0448761   0.998498 -0.0314361    -6.0714 -0.226663 0.0204701  0.973758   112.293
 0.973354 0.0496634  0.223863   61.0551 -0.0443672   0.998605 -0.0286295   -6.10533 -0.224973 0.0179345    0.9742   113.091
 0.973616 0.0464182  0.223424   61.2177 -0.0414334   0.998778 -0.0269502   -6.12302 -0.224402 0.0169819  0.974349   113.917
 0.974001 0.0409523  0.222812   61.4028 -0.0359881   0.999006 -0.0262965   -6.14178 -0.223668 0.0175942  0.974507   114.728
 0.974051 0.0418194  0.222432   61.5731 -0.0371929   0.998997 -0.0249499   -6.16918 -0.223252 0.0160296  0.974629   115.548
 0.973675 0.0477715  0.222878   61.7421 -0.0426807   0.998707 -0.0276051   -6.18515 -0.223908 0.0173659  0.974456   116.376
 0.973404 0.0535731  0.222741   61.9259 -0.0478741   0.998375 -0.0309113   -6.21856 -0.224035 0.0194257  0.974387   117.177
 0.972668 0.0618949    0.2238   62.0844 -0.0559159   0.997891 -0.0329611   -6.24258 -0.225368 0.0195462  0.974078   118.024
 0.971672 0.0677974  0.226402   62.2659 -0.0620539   0.997547 -0.0323986   -6.27719 -0.228043 0.0174317  0.973495   118.819
 0.970781 0.0705494  0.229363   62.4444 -0.0652979   0.997402 -0.0304153   -6.31897 -0.230913 0.0145496  0.972866   119.655
 0.970239 0.0708862  0.231542   62.6385 -0.0654263    0.99737 -0.0311849   -6.35932 -0.233143 0.0151079  0.972325   120.475
 0.969892 0.0696389  0.233367   62.8271 -0.0634144   0.997405 -0.0340797   -6.39442 -0.235135 0.0182547  0.971791   121.299
 0.970193 0.0629898  0.234005   63.0349  -0.056905   0.997845 -0.0326715   -6.43282 -0.235559 0.0183816  0.971686    122.12
 0.970527 0.0565212  0.234272   63.2358 -0.0499028   0.998172 -0.0340881   -6.47688 -0.235771 0.0213925  0.971573   122.943
 0.970392 0.0553874  0.235098   63.4407 -0.0486575   0.998225 -0.0343355   -6.51092 -0.236583 0.0218796  0.971365   123.761
 0.969851 0.0577682  0.236752   63.6329 -0.0517785   0.998163 -0.0314453   -6.55038 -0.238134 0.0182386  0.971061   124.603
0.969527 0.059601 0.237622  63.8336 -0.0550461   0.998151 -0.0257639   -6.58576 -0.238718 0.0118986  0.971016   125.421
 0.969147 0.0625271  0.238423   64.0278  -0.059077    0.99802 -0.0215964   -6.62654  -0.239301 0.00684483   0.970921     126.26
 0.969058 0.0617511  0.238982   64.2297 -0.0566459   0.997997 -0.0281786   -6.66221 -0.240244 0.0137694  0.970615   127.061
 0.969596 0.0579541   0.23775   64.4421 -0.0492449   0.997886 -0.0424139   -6.70519 -0.239705 0.0294164    0.9704   127.848
0.970009 0.055964 0.236537  64.6506  -0.045093   0.997674 -0.0511259   -6.75063 -0.238848 0.0389264  0.970276   128.646
 0.970106 0.0527311  0.236885   64.8252 -0.0439648   0.998144 -0.0421418   -6.79306 -0.238668 0.0304674  0.970623    129.52
 0.970729 0.0456266  0.235803    65.036 -0.0418467   0.998903 -0.0210124   -6.84105 -0.236503 0.0105298  0.971574   130.337
 0.970825 0.0424379  0.236006   65.2189  -0.0422383     0.99909 -0.00590339    -6.88203   -0.236041 -0.00423733    0.971734     131.203
 0.970751 0.0472672  0.235389   65.3922 -0.0458005   0.998882 -0.0116979   -6.90844   -0.235679 0.000574867    0.971831     132.024
 0.970885 0.0550788  0.233129   65.5636 -0.0499084   0.998361 -0.0280241   -6.92523  -0.23429 0.0155731  0.972042   132.827
 0.971047 0.0553568  0.232386   65.7361 -0.0482076   0.998176 -0.0363363   -6.94389 -0.233974 0.0240814  0.971945   133.669
 0.971782 0.0512796  0.230241     65.92  -0.043893   0.998347 -0.0370936    -6.9841 -0.231762 0.0259409  0.972426   134.462
0.972295 0.051179 0.228085  66.0821 -0.0442635   0.998395 -0.0353365   -7.02726 -0.229527 0.0242617     0.973   135.271
 0.973211 0.0505742  0.224281   66.2628 -0.0434555   0.998386 -0.0365666   -7.06966 -0.225768 0.0258408  0.973838   136.087
 0.974469 0.0515104  0.218535   66.4525 -0.0443024   0.998304 -0.0377593   -7.11556 -0.220109 0.0271136  0.975098   136.866
 0.974898 0.0560971  0.215468   66.6207 -0.0490269   0.998073 -0.0380229   -7.15193 -0.217186 0.0265047   0.97577   137.687
 0.974958 0.0625974  0.213398   66.7782 -0.0556751   0.997714 -0.0383014   -7.19188 -0.215308 0.0254613  0.976214   138.481
 0.975282 0.0637186  0.211577    66.934 -0.0572469    0.99769 -0.0365803   -7.23047 -0.213419  0.023564  0.976677   139.285
 0.975629 0.0615428  0.210618   67.0966 -0.0560799   0.997919 -0.0318184   -7.26564 -0.212138 0.0192315   0.97705   140.091
 0.976099 0.0597771  0.208944   67.2585 -0.0541643   0.998003 -0.0324869   -7.29396 -0.210469 0.0203932  0.977388   140.871
 0.976811 0.0579942  0.206101   67.4222 -0.0518164   0.998034 -0.0352513   -7.34152  -0.20774 0.0237544  0.977896   141.674
 0.978084 0.0536001  0.201193   67.5856 -0.0466308   0.998142 -0.0392246   -7.37916 -0.202922 0.0289832  0.978766   142.467
 0.979644 0.0505095  0.194282   67.7519 -0.0435744   0.998257 -0.0398083   -7.43011 -0.195954 0.0305322  0.980138   143.252
 0.980861 0.0487093  0.188517   67.8793 -0.0430083   0.998489  -0.034217   -7.47582 -0.189899 0.0254543  0.981474   144.057
 0.982061 0.0460417  0.182858   68.0136 -0.0420271   0.998784 -0.0257716   -7.51396 -0.183822 0.0176243  0.982801   144.862
0.982886 0.042503 0.179245  68.1535 -0.0401688   0.999054 -0.0166332   -7.54431  -0.179783 0.00914845   0.983664    145.669
0.983324  0.04907 0.175117  68.2798 -0.0472877   0.998778 -0.0143385   -7.56852  -0.175606 0.00581857   0.984443    146.467
 0.983966 0.0521448  0.170562   68.3911 -0.0496155   0.998586  -0.019061    -7.5954 -0.171315 0.0102929  0.985163   147.261
 0.985248 0.0528394  0.162772    68.516 -0.0487166   0.998385 -0.0292196   -7.62547 -0.164053 0.0208589  0.986231    148.03
 0.986445 0.0497342  0.156372   68.6295 -0.0448223   0.998389 -0.0347844   -7.65024 -0.15785 0.027304 0.987086  148.801
 0.987484 0.0489136  0.149943   68.7381  -0.044357   0.998451 -0.0335862   -7.68653 -0.151354 0.0265148  0.988124   149.583
 0.988263 0.0551037  0.142481   68.8319 -0.0512932   0.998224 -0.0302827   -7.72127 -0.143896 0.0226189  0.989334   150.384
 0.989079 0.0603996  0.134441    68.919  -0.056646   0.997895 -0.0315756   -7.75568 -0.136065 0.0236152  0.990418   151.172
   0.9902 0.0635587  0.124356   69.0075  -0.05939  0.997551 -0.036951  -7.79903   -0.1264 0.0292034  0.991549   151.959
 0.991315 0.0620195  0.115969   69.0829 -0.0578316   0.997559 -0.0391378   -7.84154 -0.118113 0.0320912  0.992481    152.78
  0.99224 0.0620058  0.107777    69.168 -0.058412  0.997636 -0.036191  -7.87706 -0.109767 0.0296147  0.993516   153.605
  0.99295 0.0636005  0.100022   69.2434  -0.060989   0.997718 -0.0289568   -7.91109 -0.101636 0.0226524  0.994564   154.437
 0.993374 0.0673307 0.0931429   69.2674 -0.0654372   0.997586 -0.0232398   -7.94599 -0.0944828  0.0169908   0.995381    155.287
 0.994159 0.0656408 0.0856699   69.3257 -0.0641822   0.997744 -0.0196735    -7.9774 -0.086768 0.0140601  0.996129    156.11
 0.994569 0.0662466 0.0802677    69.351 -0.0650377   0.997728 -0.0175854   -8.00365 -0.0812503  0.0122694   0.996618    156.967
 0.995057 0.0644747 0.0755235   69.4137 -0.0631855   0.997814 -0.0193388    -8.0316 -0.0766053  0.0144712   0.996956    157.754
 0.995076 0.0696096 0.0705558   69.4614 -0.067998  0.997372 -0.024994   -8.0582 -0.0721102  0.0200732   0.997195    158.577
 0.994901 0.0758384 0.0664881   69.5021 -0.0738612   0.996764 -0.0317111   -8.08735 -0.0686779  0.0266386   0.997283    159.379
 0.995019 0.0767939 0.0635542   69.5365  -0.074756   0.996627 -0.0338478   -8.12064 -0.0659392  0.0289282   0.997404    160.204
 0.995003 0.0787644 0.0613659   69.5588 -0.0771559   0.996621 -0.0281577    -8.1495 -0.0633763  0.0232823   0.997718    161.043
 0.995001 0.0799608 0.0598271   69.5782 -0.0790201   0.996712 -0.0179319   -8.17009 -0.0610642  0.0131147   0.998048    161.892
 0.995103 0.0805989 0.0572257   69.5953 -0.0801133   0.996728 -0.0107347   -8.19389 -0.0579037 0.00609761   0.998304    162.722
 0.995665 0.0769526 0.0522523   69.6171 -0.076315  0.996984 -0.014092  -8.21772 -0.0531792  0.0100432   0.998534    163.577
 0.996782 0.0648024 0.0471937   69.6365 -0.0637282    0.99768 -0.0239244   -8.24433 -0.0486346  0.0208398   0.998599    164.384
